0 0.043269 0.418994 0.043803 0.152700
0 0.112714 0.417132 0.056624 0.145251
0 0.189103 0.421788 0.059829 0.150838
0 0.265491 0.432030 0.050214 0.175047
0 0.327991 0.420857 0.053419 0.160149
0 0.397970 0.426443 0.048077 0.152700
0 0.402244 0.254190 0.043803 0.113594
0 0.335470 0.249534 0.049145 0.134078
0 0.271902 0.251397 0.048077 0.126629
0 0.204060 0.249534 0.044872 0.141527
0 0.408120 0.104283 0.044872 0.126629
0 0.342415 0.106145 0.050214 0.119181
0 0.206731 0.101490 0.052350 0.117318
0 0.278312 0.103352 0.041667 0.124767
0 0.497863 0.055866 0.049145 0.104283
0 0.493056 0.185289 0.050214 0.132216
0 0.489316 0.330540 0.061966 0.150838
0 0.485577 0.486034 0.056624 0.148976
0 0.573184 0.497207 0.058761 0.145251
0 0.573718 0.337989 0.055556 0.150838
0 0.574786 0.192737 0.057692 0.135940
0 0.579594 0.058659 0.048077 0.113594
0 0.650107 0.061453 0.043803 0.108007
0 0.650641 0.192737 0.051282 0.128492
0 0.647436 0.337989 0.047009 0.143389
0 0.646368 0.502793 0.051282 0.145251
0 0.709402 0.507449 0.053419 0.139665
0 0.704060 0.339851 0.047009 0.139665
0 0.704060 0.200186 0.049145 0.132216
0 0.707799 0.065177 0.052350 0.115456
0 0.772970 0.355680 0.052350 0.130354
0 0.774038 0.510242 0.052350 0.134078
0 0.779915 0.680633 0.040598 0.132216
0 0.848825 0.681564 0.041667 0.134078
0 0.928419 0.680633 0.047009 0.132216
0 0.926282 0.519553 0.053419 0.126629
0 0.919338 0.361266 0.045940 0.130354
0 0.838675 0.506518 0.059829 0.137803