0 0.700321 0.361266 0.101496 0.271881
0 0.717415 0.722533 0.107906 0.286778
0 0.527778 0.729050 0.091880 0.266294
0 0.427350 0.732775 0.096154 0.281192
0 0.286325 0.744879 0.068376 0.290503
0 0.241987 0.377095 0.099359 0.270019
0 0.426816 0.368715 0.088675 0.260708
0 0.519765 0.375233 0.084402 0.262570
0 0.249466 0.083799 0.103632 0.160149
0 0.035256 0.376164 0.070513 0.275605
0 0.029915 0.726257 0.059829 0.256983
0 0.927350 0.256983 0.070513 0.163873
0 0.935897 0.436685 0.081197 0.139665
0 0.963141 0.627561 0.056624 0.163873
0 0.690171 0.077281 0.096154 0.147114