0 0.014957 0.081937 0.029915 0.119181
0 0.015491 0.241155 0.030983 0.139665
0 0.014957 0.404097 0.029915 0.126629
0 0.173611 0.087523 0.037393 0.122905
0 0.170940 0.250466 0.053419 0.135940
0 0.167201 0.390130 0.043803 0.106145
0 0.260150 0.133147 0.035256 0.117318
0 0.257479 0.278399 0.038462 0.124767
0 0.256944 0.405959 0.039530 0.108007
0 0.326923 0.178771 0.036325 0.108007
0 0.326389 0.307263 0.035256 0.119181
0 0.322115 0.421788 0.039530 0.098696
0 0.387286 0.210428 0.026709 0.100559
0 0.387286 0.324953 0.024573 0.098696
0 0.383013 0.429236 0.030983 0.098696
0 0.435897 0.232775 0.025641 0.089385
0 0.438568 0.343575 0.022436 0.091248
0 0.434295 0.441341 0.026709 0.081937
0 0.545406 0.462756 0.016026 0.076350
0 0.513355 0.457169 0.016026 0.083799
0 0.546474 0.376164 0.022436 0.078212
0 0.478632 0.253259 0.023504 0.070764
0 0.617521 0.470205 0.012821 0.061453
0 0.597756 0.394786 0.018162 0.052142
0 0.619124 0.264432 0.018162 0.059590
0 0.572650 0.306331 0.021368 0.054004
0 0.544872 0.283985 0.023504 0.042831
0 0.619124 0.400372 0.018162 0.048417