0 0.680556 0.311918 0.100427 0.255121
0 0.693376 0.677840 0.102564 0.283054
0 0.871795 0.657356 0.085470 0.271881
0 0.942308 0.293296 0.076923 0.236499
0 0.962607 0.660149 0.074786 0.273743
0 0.462073 0.317505 0.052350 0.132216
0 0.465278 0.469274 0.050214 0.126629
0 0.467949 0.624767 0.055556 0.135940
0 0.355769 0.474860 0.049145 0.119181
0 0.355769 0.317505 0.047009 0.124767
0 0.353098 0.175047 0.052350 0.130354
0 0.185363 0.130354 0.056624 0.256983
0 0.181090 0.394786 0.050214 0.227188
0 0.271902 0.267225 0.035256 0.169460
0 0.266560 0.445065 0.043803 0.145251
0 0.353632 0.052142 0.051282 0.093110
0 0.357906 0.629423 0.047009 0.126629