0 0.704060 0.273743 0.055556 0.089385
0 0.805556 0.263501 0.057692 0.098696
0 0.902244 0.260708 0.065171 0.093110
0 0.978632 0.255121 0.042735 0.093110
0 0.707265 0.421788 0.055556 0.094972
0 0.809295 0.418063 0.067308 0.113594
0 0.909722 0.417132 0.065171 0.115456
0 0.980769 0.413408 0.038462 0.096834
0 0.787393 0.596834 0.047009 0.117318
0 0.839744 0.599628 0.047009 0.137803
0 0.015491 0.468343 0.028846 0.080074
0 0.071581 0.473929 0.032051 0.087523
0 0.121261 0.481378 0.033120 0.083799
0 0.172009 0.485102 0.025641 0.083799
0 0.211004 0.494413 0.026709 0.076350
0 0.246261 0.499069 0.028846 0.067039
0 0.248397 0.417132 0.028846 0.081937
0 0.212607 0.406890 0.032051 0.072626
0 0.176816 0.397579 0.030983 0.072626
0 0.125000 0.382682 0.034188 0.080074
0 0.076923 0.370577 0.034188 0.085661
0 0.022436 0.357542 0.034188 0.089385