0 0.959402 0.362197 0.081197 0.296089
0 0.831731 0.191806 0.054487 0.119181
0 0.424145 0.345438 0.029915 0.083799
0 0.423611 0.460894 0.028846 0.091248
0 0.488248 0.326816 0.044872 0.094972
0 0.486645 0.464618 0.026709 0.083799
0 0.549145 0.329609 0.042735 0.093110
0 0.549679 0.462756 0.024573 0.080074
0 0.673611 0.351024 0.024573 0.080074
0 0.674145 0.464618 0.027778 0.080074
0 0.610043 0.464618 0.029915 0.080074
0 0.613248 0.350093 0.027778 0.078212
0 0.774573 0.258845 0.038462 0.115456
0 0.839209 0.371508 0.058761 0.124767
0 0.778312 0.414339 0.035256 0.121043
0 0.731303 0.298883 0.028846 0.102421
0 0.735043 0.443203 0.029915 0.111732