0 0.084402 0.296089 0.098291 0.260708
0 0.327457 0.313780 0.090812 0.251397
0 0.548611 0.324022 0.077991 0.238361
0 0.324786 0.670391 0.170940 0.264432
0 0.526175 0.658287 0.116453 0.243948
0 0.839744 0.108939 0.044872 0.102421
0 0.888355 0.203911 0.039530 0.109870
0 0.943910 0.175047 0.045940 0.115456
0 0.841346 0.219739 0.033120 0.104283
0 0.842415 0.348231 0.033120 0.081937
0 0.891026 0.334264 0.040598 0.094972
0 0.945513 0.323091 0.047009 0.098696
0 0.846154 0.489758 0.029915 0.096834
0 0.895299 0.484171 0.038462 0.096834
0 0.949786 0.476723 0.038462 0.096834
0 0.926816 0.608939 0.086538 0.093110
0 0.699252 0.391993 0.028846 0.087523
0 0.742521 0.383613 0.034188 0.081937
0 0.745192 0.504655 0.028846 0.093110
0 0.701389 0.502793 0.028846 0.085661
0 0.723825 0.258845 0.056624 0.052142