0 0.263355 0.392924 0.050214 0.171322
0 0.072650 0.624767 0.072650 0.202980
0 0.232906 0.636872 0.061966 0.186220
0 0.083868 0.381750 0.054487 0.193669
0 0.099359 0.145251 0.057692 0.182495
0 0.272436 0.146182 0.049145 0.180633
0 0.407585 0.146182 0.056624 0.180633
0 0.397970 0.402235 0.054487 0.163873
0 0.502137 0.398510 0.055556 0.178771
0 0.604701 0.406890 0.055556 0.165736
0 0.603098 0.154562 0.067308 0.186220
0 0.703526 0.156425 0.054487 0.208566
0 0.704594 0.410615 0.056624 0.162011
0 0.810363 0.414339 0.058761 0.184358
0 0.802350 0.159218 0.059829 0.176909
0 0.963675 0.176909 0.064103 0.171322
0 0.965812 0.421788 0.061966 0.180633
0 0.386218 0.647114 0.073718 0.210428