0 0.394765 0.400372 0.107906 0.216015
0 0.595620 0.411546 0.103632 0.212291
0 0.791667 0.362197 0.076923 0.214153
0 0.788996 0.104283 0.077991 0.197393
0 0.596688 0.134078 0.080128 0.212291
0 0.397970 0.119181 0.090812 0.201117
0 0.193376 0.108939 0.079060 0.188082
0 0.175748 0.374302 0.107906 0.212291
0 0.123932 0.650838 0.070513 0.188082
0 0.202991 0.655493 0.079060 0.197393
0 0.804487 0.637803 0.091880 0.236499
0 0.971688 0.094041 0.056624 0.176909
0 0.967949 0.370577 0.061966 0.197393
0 0.965278 0.637803 0.069444 0.206704