0 0.166667 0.153631 0.061966 0.188082
0 0.248397 0.140596 0.060897 0.176909
0 0.166132 0.365922 0.056624 0.147114
0 0.248397 0.358473 0.048077 0.158287
0 0.348825 0.358473 0.058761 0.176909
0 0.497863 0.354749 0.117521 0.176909
0 0.458868 0.126629 0.056624 0.156425
0 0.519231 0.117318 0.057692 0.148976
0 0.346688 0.137803 0.065171 0.171322
0 0.608974 0.107076 0.044872 0.154562
0 0.674679 0.095903 0.050214 0.150838
0 0.647970 0.337058 0.127137 0.175047
0 0.791132 0.318436 0.058761 0.189944
0 0.931090 0.306331 0.052350 0.165736
0 0.782051 0.096834 0.055556 0.152700
0 0.924679 0.081006 0.058761 0.143389