0 0.255342 0.387337 0.059829 0.193669
0 0.642094 0.402235 0.094017 0.216015
0 0.832799 0.419926 0.092949 0.214153
0 0.803419 0.687151 0.066239 0.182495
0 0.876068 0.688082 0.059829 0.165736
0 0.435897 0.401304 0.087607 0.210428
0 0.441774 0.117318 0.077991 0.197393
0 0.646368 0.128492 0.070513 0.208566
0 0.823184 0.143389 0.080128 0.208566
0 0.253205 0.121043 0.068376 0.186220
0 0.039530 0.437616 0.070513 0.223464
0 0.038462 0.145251 0.074786 0.208566
0 0.194444 0.659218 0.066239 0.186220
0 0.264957 0.663873 0.059829 0.188082
0 0.394231 0.665736 0.066239 0.180633
0 0.462607 0.673184 0.068376 0.180633