0 0.314103 0.474860 0.042735 0.126629
0 0.484509 0.327747 0.050214 0.148976
0 0.563568 0.118250 0.048077 0.121043
0 0.560897 0.265363 0.044872 0.128492
0 0.557158 0.439479 0.048077 0.152700
0 0.636218 0.442272 0.054487 0.154562
0 0.713675 0.447858 0.053419 0.150838
0 0.714744 0.277467 0.051282 0.148976
0 0.635684 0.273743 0.049145 0.148976
0 0.163996 0.461825 0.048077 0.148976
0 0.090278 0.455307 0.043803 0.143389
0 0.173611 0.310987 0.045940 0.145251
0 0.184295 0.159218 0.052350 0.139665
0 0.036325 0.296089 0.049145 0.148976
0 0.102564 0.301676 0.049145 0.137803
0 0.032051 0.459963 0.047009 0.148976
0 0.966880 0.478585 0.059829 0.167598
0 0.640491 0.121974 0.052350 0.132216
0 0.476496 0.487896 0.051282 0.130354
0 0.242521 0.473929 0.042735 0.132216
0 0.397436 0.475791 0.042735 0.132216
0 0.258013 0.318436 0.037393 0.141527