0 0.544872 0.296089 0.042735 0.078212
0 0.598825 0.296089 0.039530 0.074488
0 0.651709 0.296089 0.044872 0.074488
0 0.707799 0.302607 0.045940 0.068901
0 0.762286 0.310987 0.045940 0.078212
0 0.819979 0.313780 0.043803 0.072626
0 0.029380 0.286778 0.043803 0.074488
0 0.084402 0.284916 0.044872 0.074488
0 0.137821 0.286778 0.044872 0.078212
0 0.194979 0.289572 0.048077 0.076350
0 0.251603 0.289572 0.039530 0.065177
0 0.298077 0.286778 0.042735 0.070764
0 0.489316 0.298883 0.047009 0.072626
0 0.969551 0.223464 0.058761 0.108007
0 0.911859 0.265363 0.050214 0.091248
0 0.868056 0.295158 0.043803 0.102421
0 0.036325 0.106145 0.059829 0.089385
0 0.088141 0.108939 0.058761 0.094972
0 0.140491 0.098696 0.063034 0.093110
0 0.200855 0.109870 0.049145 0.074488
0 0.253739 0.101490 0.056624 0.091248
0 0.304487 0.105214 0.042735 0.080074
0 0.491987 0.121043 0.048077 0.085661
0 0.544872 0.114525 0.049145 0.076350
0 0.597222 0.118250 0.053419 0.076350
0 0.651709 0.122905 0.053419 0.074488
0 0.705128 0.121974 0.053419 0.087523
0 0.868590 0.109870 0.040598 0.085661
0 0.913462 0.050279 0.053419 0.089385