0 0.544338 0.352886 0.097222 0.229050
0 0.724893 0.371508 0.069444 0.191806
0 0.921474 0.098696 0.095085 0.182495
0 0.727564 0.108007 0.068376 0.208566
0 0.551282 0.089385 0.098291 0.167598
0 0.367521 0.096834 0.074786 0.189944
0 0.359509 0.356611 0.080128 0.199255
0 0.546474 0.639665 0.107906 0.210428
0 0.352030 0.632216 0.097222 0.202980
0 0.919872 0.652700 0.119658 0.225326
0 0.912927 0.383613 0.097222 0.216015
0 0.151709 0.391993 0.100427 0.243948
0 0.098825 0.657356 0.069444 0.186220
0 0.174145 0.668529 0.070513 0.182495
0 0.163996 0.121043 0.082265 0.212291