0 0.896368 0.371508 0.085470 0.232775
0 0.879808 0.115456 0.080128 0.178771
0 0.724359 0.124767 0.068376 0.186220
0 0.505342 0.340782 0.021368 0.048417
0 0.545940 0.332402 0.021368 0.046555
0 0.545406 0.402235 0.024573 0.052142
0 0.547009 0.468343 0.027778 0.054004
0 0.506410 0.408752 0.025641 0.054004
0 0.505876 0.470205 0.026709 0.057728
0 0.468483 0.345438 0.024573 0.046555
0 0.468483 0.411546 0.026709 0.048417
0 0.468483 0.475791 0.028846 0.061453
0 0.182692 0.443203 0.017094 0.044693
0 0.154915 0.387337 0.021368 0.044693
0 0.186966 0.384544 0.023504 0.042831
0 0.150641 0.445996 0.021368 0.050279
0 0.125534 0.390130 0.016026 0.046555