0 0.436966 0.331471 0.053419 0.171322
0 0.536325 0.334264 0.051282 0.162011
0 0.437500 0.114525 0.048077 0.150838
0 0.533654 0.119181 0.045940 0.134078
0 0.625000 0.122905 0.047009 0.134078
0 0.716880 0.129423 0.047009 0.139665
0 0.799145 0.136872 0.042735 0.132216
0 0.880876 0.147114 0.050214 0.134078
0 0.961004 0.155493 0.045940 0.128492
0 0.719551 0.338920 0.050214 0.152700
0 0.630342 0.333333 0.053419 0.167598
0 0.807158 0.344507 0.048077 0.160149
0 0.890491 0.344507 0.050214 0.152700
0 0.971688 0.345438 0.045940 0.150838
0 0.436432 0.555866 0.050214 0.162011
0 0.331197 0.556797 0.051282 0.167598
0 0.336538 0.322160 0.051282 0.163873
0 0.337607 0.100559 0.051282 0.137803
0 0.231303 0.087523 0.052350 0.148976
0 0.227030 0.311918 0.054487 0.173184
0 0.119124 0.308194 0.060897 0.173184
0 0.122329 0.083799 0.050214 0.137803
0 0.110043 0.554935 0.057692 0.175047
0 0.224359 0.554935 0.051282 0.175047
0 0.726496 0.552142 0.047009 0.150838
0 0.811432 0.553073 0.048077 0.148976
0 0.900641 0.545624 0.047009 0.137803
0 0.981303 0.543762 0.037393 0.145251