0 0.596154 0.430168 0.061966 0.223464
0 0.732906 0.435754 0.066239 0.212291
0 0.867521 0.445996 0.061966 0.217877
0 0.867521 0.197393 0.057692 0.182495
0 0.729701 0.190875 0.059829 0.176909
0 0.596688 0.181564 0.058761 0.180633
0 0.878739 0.689944 0.063034 0.173184
0 0.594017 0.676909 0.064103 0.188082
0 0.411859 0.401304 0.065171 0.195531
0 0.416667 0.147114 0.064103 0.182495
0 0.293803 0.147114 0.055556 0.182495
0 0.287393 0.388268 0.059829 0.191806
0 0.168803 0.384544 0.068376 0.214153
0 0.183761 0.138734 0.066239 0.195531
0 0.083868 0.133147 0.058761 0.184358
0 0.068910 0.385475 0.065171 0.201117