0 0.476496 0.412477 0.064103 0.184358
0 0.564637 0.412477 0.060897 0.173184
0 0.664530 0.419926 0.059829 0.173184
0 0.744658 0.430168 0.057692 0.171322
0 0.875534 0.405959 0.065171 0.193669
0 0.868590 0.144320 0.072650 0.202980
0 0.738782 0.183426 0.060897 0.173184
0 0.662393 0.176909 0.064103 0.171322
0 0.564637 0.172253 0.058761 0.191806
0 0.478632 0.169460 0.061966 0.193669
0 0.358440 0.430168 0.063034 0.189944
0 0.274573 0.421788 0.064103 0.191806
0 0.184295 0.408752 0.067308 0.195531
0 0.096688 0.405959 0.071581 0.197393
0 0.369124 0.167598 0.056624 0.189944
0 0.286859 0.164804 0.058761 0.210428
0 0.198718 0.154562 0.066239 0.197393