0 0.746795 0.479516 0.055556 0.147114
0 0.519765 0.474860 0.054487 0.130354
0 0.396902 0.324953 0.056624 0.139665
0 0.394231 0.484171 0.053419 0.115456
0 0.294872 0.324953 0.053419 0.139665
0 0.397970 0.178771 0.052350 0.119181
0 0.036859 0.330540 0.048077 0.132216
0 0.292735 0.479516 0.047009 0.128492
0 0.816239 0.478585 0.053419 0.141527
0 0.903312 0.478585 0.060897 0.141527
0 0.905449 0.284916 0.067308 0.141527
0 0.806090 0.304469 0.054487 0.132216
0 0.521368 0.267225 0.068376 0.106145
0 0.402778 0.049348 0.057692 0.091248
0 0.300214 0.176909 0.047009 0.122905
0 0.900641 0.121974 0.070513 0.154562
0 0.610043 0.472067 0.053419 0.154562
0 0.607906 0.294227 0.049145 0.141527
0 0.028312 0.486965 0.052350 0.117318