0 0.637821 0.313780 0.055556 0.173184
0 0.731838 0.318436 0.049145 0.160149
0 0.825855 0.323091 0.059829 0.169460
0 0.917735 0.323091 0.059829 0.154562
0 0.739850 0.544693 0.050214 0.173184
0 0.641026 0.551210 0.055556 0.171322
0 0.536859 0.552142 0.056624 0.184358
0 0.535791 0.313780 0.060897 0.184358
0 0.533120 0.091248 0.055556 0.148976
0 0.635684 0.094041 0.057692 0.150838
0 0.725427 0.099628 0.047009 0.143389
0 0.818910 0.098696 0.052350 0.148976
0 0.908654 0.118250 0.054487 0.147114
0 0.427885 0.558659 0.058761 0.182495
0 0.429487 0.309125 0.057692 0.182495
0 0.429487 0.083799 0.053419 0.156425
0 0.321581 0.079143 0.057692 0.154562
0 0.318910 0.309125 0.060897 0.189944
0 0.315705 0.555866 0.056624 0.180633
0 0.200855 0.554935 0.059829 0.186220
0 0.202457 0.297020 0.058761 0.195531
0 0.210470 0.071695 0.055556 0.143389
0 0.093483 0.067039 0.065171 0.126629
0 0.083868 0.298883 0.065171 0.202980
0 0.079594 0.554935 0.058761 0.178771