0 0.853098 0.569832 0.039530 0.119181
0 0.918269 0.567039 0.041667 0.113594
0 0.909722 0.423650 0.039530 0.113594
0 0.902778 0.283985 0.040598 0.098696
0 0.840812 0.286778 0.044872 0.108007
0 0.845620 0.420857 0.043803 0.111732
0 0.781517 0.425512 0.041667 0.121043
0 0.775641 0.286778 0.042735 0.104283
0 0.714744 0.286778 0.034188 0.108007
0 0.469551 0.293296 0.035256 0.098696
0 0.407585 0.297020 0.033120 0.102421
0 0.344551 0.295158 0.035256 0.098696
0 0.052885 0.300745 0.033120 0.102421
0 0.045940 0.436685 0.038462 0.113594
0 0.038996 0.569832 0.039530 0.085661
0 0.216346 0.574488 0.035256 0.109870
0 0.341880 0.434823 0.038462 0.113594
0 0.595085 0.429236 0.036325 0.109870
0 0.470620 0.433892 0.037393 0.115456
0 0.407051 0.439479 0.044872 0.122905
0 0.978098 0.564246 0.037393 0.111732
0 0.964209 0.284916 0.045940 0.104283
0 0.972222 0.422719 0.040598 0.122905
0 0.721688 0.425512 0.041667 0.117318
0 0.656517 0.425512 0.041667 0.113594
0 0.469017 0.575419 0.038462 0.111732
0 0.530449 0.574488 0.039530 0.106145
0 0.599359 0.574488 0.038462 0.117318
0 0.662927 0.571695 0.035256 0.100559
0 0.340812 0.578212 0.038462 0.117318
0 0.224359 0.297020 0.036325 0.102421
0 0.105769 0.290503 0.034188 0.093110
0 0.098291 0.434823 0.040598 0.117318
0 0.144765 0.568901 0.039530 0.106145
0 0.593483 0.296089 0.035256 0.104283
0 0.058761 0.190875 0.029915 0.065177
0 0.346154 0.188082 0.034188 0.070764
0 0.407051 0.183426 0.032051 0.076350
0 0.467949 0.185289 0.034188 0.065177
0 0.593483 0.184358 0.033120 0.070764
0 0.771368 0.181564 0.042735 0.076350
0 0.832265 0.180633 0.042735 0.070764
0 0.897970 0.176909 0.039530 0.067039
0 0.712073 0.181564 0.035256 0.068901
0 0.221688 0.432961 0.033120 0.113594