0 0.696047 0.090317 0.084402 0.169460
0 0.687500 0.334264 0.092949 0.188082
0 0.685897 0.570764 0.096154 0.184358
0 0.574786 0.556797 0.083333 0.171322
0 0.580128 0.340782 0.081197 0.160149
0 0.584402 0.126629 0.083333 0.163873
0 0.412927 0.179702 0.054487 0.154562
0 0.404380 0.364060 0.054487 0.139665
0 0.397436 0.548417 0.053419 0.143389
0 0.334402 0.543762 0.057692 0.137803
0 0.341346 0.372439 0.056624 0.130354
0 0.345085 0.211359 0.053419 0.121043
0 0.090812 0.236499 0.051282 0.141527
0 0.078526 0.339851 0.041667 0.132216
0 0.034722 0.178771 0.039530 0.141527
0 0.166132 0.368715 0.028846 0.063315
0 0.169872 0.297952 0.029915 0.063315
0 0.161325 0.445065 0.027778 0.074488