0 0.525641 0.328678 0.061966 0.188082
0 0.620192 0.317505 0.065171 0.195531
0 0.614316 0.082868 0.064103 0.162011
0 0.521368 0.083799 0.064103 0.160149
0 0.430556 0.090317 0.057692 0.162011
0 0.434295 0.332402 0.063034 0.176909
0 0.627137 0.573557 0.064103 0.189944
0 0.862179 0.555866 0.068376 0.176909
0 0.851496 0.308194 0.061966 0.184358
0 0.743056 0.314711 0.056624 0.186220
0 0.731838 0.072626 0.061966 0.137803
0 0.953526 0.067970 0.073718 0.124767
0 0.965812 0.295158 0.057692 0.199255
0 0.972756 0.557728 0.054487 0.199255
0 0.532585 0.581006 0.069444 0.189944