0 0.607372 0.335196 0.063034 0.145251
0 0.607372 0.183426 0.060897 0.132216
0 0.605769 0.052142 0.055556 0.104283
0 0.706731 0.335196 0.052350 0.141527
0 0.608974 0.484171 0.057692 0.115456
0 0.710470 0.486034 0.055556 0.122905
0 0.940171 0.484171 0.059829 0.141527
0 0.944444 0.292365 0.057692 0.137803
0 0.806090 0.339851 0.058761 0.132216
0 0.505876 0.493482 0.039530 0.115456
0 0.505342 0.332402 0.038462 0.128492
0 0.448718 0.495345 0.051282 0.130354
0 0.225427 0.333333 0.047009 0.130354
0 0.221688 0.492551 0.050214 0.121043
0 0.151175 0.491620 0.054487 0.119181
0 0.063034 0.492551 0.051282 0.124767
0 0.230235 0.169460 0.056624 0.119181
0 0.295406 0.493482 0.045940 0.119181
0 0.300214 0.336127 0.047009 0.139665