0 0.602030 0.395717 0.067308 0.195531
0 0.447650 0.389199 0.061966 0.193669
0 0.291667 0.382682 0.057692 0.199255
0 0.141026 0.375233 0.064103 0.202980
0 0.151709 0.119181 0.072650 0.197393
0 0.303953 0.133147 0.060897 0.210428
0 0.451389 0.136872 0.063034 0.206704
0 0.599893 0.144320 0.065171 0.199255
0 0.919872 0.515829 0.091880 0.115456
0 0.922543 0.385475 0.092949 0.119181
0 0.918269 0.258845 0.095085 0.119181
0 0.926282 0.144320 0.117521 0.109870
0 0.830128 0.175978 0.096154 0.094972
0 0.829594 0.283985 0.088675 0.109870
0 0.829060 0.394786 0.081197 0.119181
0 0.830662 0.516760 0.084402 0.128492
0 0.749466 0.206704 0.069444 0.085661
0 0.748932 0.298883 0.059829 0.109870
0 0.748932 0.400372 0.072650 0.104283