0 0.131410 0.389199 0.066239 0.216015
0 0.209402 0.390130 0.064103 0.210428
0 0.117521 0.682495 0.085470 0.247672
0 0.145833 0.114525 0.071581 0.217877
0 0.220085 0.111732 0.072650 0.208566
0 0.345085 0.391061 0.070513 0.212291
0 0.350427 0.096834 0.064103 0.189944
0 0.340278 0.684358 0.073718 0.236499
0 0.482372 0.677840 0.071581 0.234637
0 0.595085 0.673184 0.070513 0.221601
0 0.592949 0.391993 0.079060 0.210428
0 0.478632 0.392924 0.079060 0.227188
0 0.482906 0.099628 0.066239 0.180633
0 0.587607 0.107076 0.066239 0.188082
0 0.717415 0.108939 0.063034 0.202980
0 0.723291 0.414339 0.061966 0.180633
0 0.845085 0.110801 0.076923 0.206704
0 0.953526 0.113594 0.073718 0.204842
0 0.861645 0.399441 0.075855 0.210428
0 0.962073 0.405028 0.071581 0.214153
0 0.873397 0.677840 0.080128 0.234637
0 0.970085 0.679702 0.059829 0.208566