0 0.447650 0.191806 0.066239 0.186220
0 0.022436 0.217877 0.044872 0.186220
0 0.166132 0.206704 0.067308 0.193669
0 0.309295 0.200186 0.060897 0.199255
0 0.588675 0.186220 0.066239 0.189944
0 0.723291 0.174115 0.061966 0.188082
0 0.854167 0.169460 0.071581 0.182495
0 0.162393 0.555866 0.070513 0.243948
0 0.311432 0.544693 0.067308 0.251397
0 0.454594 0.544693 0.099359 0.247672
0 0.596154 0.535382 0.096154 0.240223
0 0.736111 0.520484 0.094017 0.243948
0 0.878205 0.504655 0.094017 0.242086
0 0.978632 0.162942 0.042735 0.184358