0 0.697650 0.422719 0.049145 0.145251
0 0.758013 0.431099 0.045940 0.143389
0 0.827457 0.438547 0.050214 0.132216
0 0.894765 0.444134 0.052350 0.143389
0 0.978098 0.446927 0.043803 0.134078
0 0.976496 0.258845 0.047009 0.171322
0 0.894231 0.244879 0.064103 0.169460
0 0.827457 0.242086 0.048077 0.152700
0 0.762286 0.243017 0.045940 0.169460
0 0.699786 0.235568 0.049145 0.165736
0 0.611111 0.225326 0.051282 0.182495
0 0.607906 0.414339 0.053419 0.154562
0 0.616453 0.055866 0.047009 0.108007
0 0.702991 0.052142 0.044872 0.104283
0 0.761218 0.057728 0.043803 0.108007
0 0.827991 0.058659 0.042735 0.109870
0 0.892094 0.067039 0.053419 0.126629
0 0.978098 0.070764 0.043803 0.134078
0 0.485577 0.461825 0.048077 0.141527
0 0.489850 0.291434 0.050214 0.143389
0 0.491987 0.126629 0.045940 0.148976
0 0.396902 0.125698 0.052350 0.132216
0 0.391560 0.284916 0.050214 0.141527
0 0.387286 0.457169 0.041667 0.139665
0 0.303953 0.451583 0.043803 0.132216
0 0.311432 0.282123 0.041667 0.135940
0 0.317308 0.109870 0.051282 0.141527
0 0.240919 0.111732 0.045940 0.134078
0 0.231303 0.279330 0.045940 0.137803
0 0.220085 0.446927 0.044872 0.134078
0 0.142094 0.442272 0.044872 0.128492
0 0.151709 0.271881 0.040598 0.145251
0 0.160256 0.111732 0.044872 0.141527
0 0.067842 0.101490 0.048077 0.135940
0 0.060363 0.263501 0.048077 0.121043
0 0.045406 0.432961 0.052350 0.132216