0 0.127671 0.129423 0.063034 0.180633
0 0.116453 0.355680 0.068376 0.189944
0 0.251603 0.135009 0.065171 0.195531
0 0.241987 0.361266 0.067308 0.186220
0 0.363782 0.147114 0.065171 0.201117
0 0.359509 0.377095 0.065171 0.191806
0 0.481838 0.380819 0.061966 0.191806
0 0.483974 0.156425 0.068376 0.182495
0 0.618590 0.162011 0.047009 0.175047
0 0.700321 0.168529 0.052350 0.173184
0 0.823718 0.171322 0.059829 0.186220
0 0.939637 0.173184 0.063034 0.178771
0 0.827457 0.392924 0.069444 0.178771
0 0.943376 0.391993 0.070513 0.184358