0 0.910791 0.433892 0.095085 0.290503
0 0.065705 0.427374 0.090812 0.258845
0 0.169872 0.419926 0.087607 0.255121
0 0.268697 0.418063 0.080128 0.247672
0 0.690171 0.442272 0.087607 0.307263
0 0.797009 0.435754 0.096154 0.290503
0 0.584936 0.435754 0.095085 0.294227
0 0.478098 0.430168 0.097222 0.275605
0 0.369658 0.432961 0.096154 0.281192
0 0.072115 0.081006 0.090812 0.154562
0 0.171474 0.081006 0.092949 0.150838
0 0.271368 0.080074 0.081197 0.145251
0 0.371795 0.084730 0.087607 0.154562
0 0.478098 0.081006 0.088675 0.147114
0 0.585470 0.077281 0.089744 0.143389
0 0.688568 0.075419 0.084402 0.139665
0 0.793269 0.076350 0.095085 0.130354
0 0.905449 0.075419 0.090812 0.135940