0 0.064103 0.121043 0.055556 0.171322
0 0.062500 0.445065 0.077991 0.204842
0 0.204594 0.117318 0.056624 0.175047
0 0.331731 0.104283 0.060897 0.175047
0 0.467415 0.093110 0.063034 0.171322
0 0.604167 0.082868 0.060897 0.162011
0 0.732372 0.080074 0.058761 0.160149
0 0.864316 0.073557 0.066239 0.139665
0 0.200321 0.439479 0.090812 0.216015
0 0.334402 0.431099 0.089744 0.232775
0 0.472756 0.412477 0.088675 0.229050
0 0.611111 0.409683 0.091880 0.227188
0 0.746795 0.395717 0.094017 0.210428
0 0.887286 0.384544 0.080128 0.247672