0 0.956197 0.114525 0.057692 0.139665
0 0.962073 0.285847 0.052350 0.150838
0 0.966346 0.524209 0.060897 0.232775
0 0.873932 0.105214 0.057692 0.143389
0 0.877671 0.277467 0.065171 0.160149
0 0.788462 0.271881 0.057692 0.171322
0 0.786859 0.095903 0.052350 0.139665
0 0.693376 0.081937 0.059829 0.145251
0 0.697115 0.264432 0.063034 0.175047
0 0.606303 0.081006 0.058761 0.150838
0 0.608974 0.256052 0.051282 0.162011
0 0.513355 0.247672 0.050214 0.171322
0 0.515491 0.069832 0.054487 0.132216
0 0.423077 0.068901 0.053419 0.137803
0 0.417201 0.243017 0.056624 0.162011
0 0.323184 0.234637 0.052350 0.167598
0 0.331197 0.059590 0.051282 0.119181
0 0.236111 0.060521 0.055556 0.113594
0 0.223291 0.233706 0.053419 0.173184
0 0.125534 0.218808 0.056624 0.162011
0 0.138889 0.051210 0.053419 0.091248
0 0.036859 0.054004 0.058761 0.108007
0 0.027244 0.219739 0.050214 0.156425
0 0.022436 0.480447 0.044872 0.260708
0 0.118590 0.486034 0.068376 0.256983
0 0.217415 0.490689 0.065171 0.266294
0 0.318910 0.494413 0.069444 0.251397
0 0.410256 0.501862 0.064103 0.258845
0 0.510150 0.506518 0.054487 0.264432
0 0.604167 0.508380 0.063034 0.256983
0 0.698184 0.507449 0.060897 0.243948
0 0.790064 0.521415 0.069444 0.234637
0 0.879274 0.519553 0.057692 0.249534