0 0.269765 0.686220 0.080128 0.247672
0 0.400641 0.672253 0.094017 0.245810
0 0.533120 0.658287 0.094017 0.243948
0 0.267628 0.375233 0.075855 0.243948
0 0.393697 0.362197 0.088675 0.240223
0 0.524038 0.351955 0.088675 0.242086
0 0.670406 0.331471 0.092949 0.238361
0 0.803953 0.316574 0.090812 0.230912
0 0.930556 0.308194 0.089744 0.229050
0 0.266560 0.089385 0.075855 0.163873
0 0.388889 0.085661 0.081197 0.156425
0 0.511752 0.080074 0.079060 0.152700
0 0.655983 0.073557 0.076923 0.135940
0 0.791667 0.065177 0.081197 0.122905
0 0.916667 0.067039 0.087607 0.122905