0 0.891026 0.229050 0.091880 0.271881
0 0.905983 0.572626 0.091880 0.284916
0 0.775641 0.568901 0.089744 0.281192
0 0.767094 0.242086 0.087607 0.275605
0 0.618056 0.249534 0.082265 0.275605
0 0.622863 0.576350 0.081197 0.270019
0 0.502671 0.579143 0.084402 0.268156
0 0.500000 0.256052 0.079060 0.262570
0 0.389423 0.269088 0.073718 0.270019
0 0.386752 0.581006 0.079060 0.271881
0 0.279915 0.273743 0.074786 0.268156
0 0.157051 0.135940 0.079060 0.230912
0 0.155983 0.392924 0.057692 0.134078
0 0.151709 0.607076 0.059829 0.186220
0 0.032051 0.595903 0.057692 0.171322
0 0.034722 0.398510 0.065171 0.145251
0 0.044338 0.146182 0.063034 0.225326