0 0.564637 0.127561 0.050214 0.124767
0 0.564637 0.310056 0.050214 0.143389
0 0.568376 0.494413 0.049145 0.117318
0 0.484509 0.494413 0.052350 0.124767
0 0.482372 0.309125 0.050214 0.145251
0 0.482906 0.131285 0.051282 0.132216
0 0.393162 0.132216 0.051282 0.122905
0 0.393162 0.314711 0.055556 0.141527
0 0.391026 0.493482 0.053419 0.119181
0 0.297543 0.494413 0.048077 0.121043
0 0.299145 0.314711 0.055556 0.145251
0 0.306090 0.133147 0.052350 0.128492
0 0.215278 0.141527 0.052350 0.130354
0 0.211538 0.313780 0.055556 0.143389
0 0.209936 0.495345 0.050214 0.111732
0 0.129808 0.145251 0.050214 0.126629
0 0.123397 0.321229 0.058761 0.143389
0 0.042201 0.144320 0.054487 0.132216
0 0.032051 0.325885 0.057692 0.152700
0 0.113782 0.492551 0.052350 0.106145
0 0.026175 0.499069 0.050214 0.108007
0 0.939637 0.518622 0.048077 0.113594
0 0.882479 0.533520 0.034188 0.087523
0 0.932158 0.378026 0.039530 0.156425
0 0.919338 0.222533 0.041667 0.121043
0 0.873932 0.413408 0.044872 0.126629
0 0.865919 0.286778 0.043803 0.108007
0 0.855769 0.165736 0.053419 0.130354
0 0.914530 0.101490 0.044872 0.113594