0 0.034188 0.088454 0.059829 0.117318
0 0.027778 0.233706 0.053419 0.121043
0 0.024038 0.377095 0.043803 0.154562
0 0.134615 0.378957 0.055556 0.154562
0 0.136752 0.224395 0.053419 0.139665
0 0.142628 0.090317 0.063034 0.117318
0 0.256944 0.096834 0.048077 0.119181
0 0.253739 0.234637 0.041667 0.141527
0 0.248932 0.380819 0.057692 0.135940
0 0.118590 0.589385 0.053419 0.162011
0 0.355769 0.599628 0.059829 0.197393
0 0.473825 0.388268 0.050214 0.150838
0 0.477030 0.228119 0.039530 0.117318
0 0.585470 0.238361 0.055556 0.137803
0 0.582799 0.391061 0.050214 0.137803
0 0.358440 0.386406 0.054487 0.150838
0 0.588675 0.100559 0.049145 0.108007
0 0.468483 0.603352 0.063034 0.171322
0 0.583868 0.599628 0.056624 0.186220
0 0.695513 0.394786 0.051282 0.137803
0 0.701389 0.616387 0.056624 0.182495
0 0.018697 0.590317 0.037393 0.189944