0 0.152778 0.205773 0.068376 0.184358
0 0.294338 0.199255 0.054487 0.193669
0 0.431090 0.191806 0.063034 0.182495
0 0.569444 0.183426 0.066239 0.184358
0 0.704060 0.175978 0.061966 0.184358
0 0.832265 0.163873 0.064103 0.186220
0 0.968483 0.152700 0.060897 0.189944
0 0.150641 0.553073 0.100427 0.238361
0 0.018697 0.215084 0.033120 0.188082
0 0.294872 0.545624 0.091880 0.238361
0 0.439637 0.535382 0.095085 0.243948
0 0.579594 0.527002 0.097222 0.230912
0 0.718483 0.511173 0.086538 0.240223
0 0.853632 0.501862 0.094017 0.221601