0 0.081731 0.081006 0.075855 0.158287
0 0.204060 0.085661 0.070513 0.163873
0 0.297543 0.081006 0.060897 0.154562
0 0.075855 0.324022 0.072650 0.223464
0 0.194444 0.321229 0.079060 0.236499
0 0.292735 0.319367 0.064103 0.243948
0 0.465278 0.110801 0.060897 0.158287
0 0.578526 0.108007 0.065171 0.156425
0 0.693910 0.102421 0.058761 0.163873
0 0.808761 0.104283 0.066239 0.156425
0 0.928953 0.101490 0.067308 0.154562
0 0.461538 0.362197 0.064103 0.173184
0 0.582265 0.361266 0.068376 0.167598
0 0.697650 0.352886 0.061966 0.165736
0 0.818910 0.357542 0.067308 0.163873
0 0.943376 0.353818 0.068376 0.175047