0 0.154915 0.306331 0.083333 0.266294
0 0.144765 0.604283 0.088675 0.229050
0 0.368056 0.196462 0.054487 0.176909
0 0.365385 0.408752 0.057692 0.135940
0 0.459936 0.403166 0.060897 0.121043
0 0.550748 0.404097 0.065171 0.137803
0 0.660791 0.404097 0.052350 0.134078
0 0.762286 0.410615 0.056624 0.124767
0 0.879808 0.415270 0.058761 0.137803
0 0.977564 0.410615 0.044872 0.135940
0 0.974893 0.191806 0.050214 0.171322
0 0.873397 0.196462 0.058761 0.173184
0 0.763355 0.201117 0.056624 0.163873
0 0.660791 0.197393 0.058761 0.171322
0 0.555556 0.198324 0.055556 0.169460
0 0.459402 0.194600 0.057692 0.176909