0 0.647970 0.414339 0.054487 0.147114
0 0.647970 0.232775 0.045940 0.141527
0 0.543269 0.234637 0.048077 0.148976
0 0.544872 0.423650 0.049145 0.143389
0 0.446047 0.431099 0.050214 0.143389
0 0.444979 0.239292 0.056624 0.147114
0 0.338141 0.249534 0.045940 0.152700
0 0.341880 0.433892 0.047009 0.134078
0 0.246261 0.429236 0.050214 0.128492
0 0.158120 0.429236 0.049145 0.128492
0 0.153846 0.250466 0.049145 0.158287
0 0.244124 0.246741 0.050214 0.154562
0 0.336538 0.072626 0.055556 0.134078
0 0.443376 0.069832 0.061966 0.132216
0 0.541132 0.065177 0.056624 0.122905
0 0.647970 0.059590 0.058761 0.115456