0 0.456197 0.428305 0.040598 0.152700
0 0.454060 0.251397 0.044872 0.134078
0 0.450321 0.085661 0.048077 0.137803
0 0.381410 0.082868 0.047009 0.143389
0 0.380876 0.251397 0.041667 0.130354
0 0.381944 0.432030 0.043803 0.145251
0 0.151709 0.433892 0.070513 0.148976
0 0.158654 0.256052 0.063034 0.117318
0 0.161859 0.103352 0.063034 0.135940
0 0.022436 0.446927 0.040598 0.160149
0 0.548611 0.418063 0.090812 0.106145
0 0.549679 0.585661 0.086538 0.109870
0 0.544338 0.251397 0.088675 0.104283
0 0.540064 0.097765 0.095085 0.113594
0 0.629274 0.095903 0.091880 0.106145
0 0.728098 0.096834 0.112179 0.108007
0 0.828526 0.092179 0.097222 0.098696
0 0.832799 0.250466 0.090812 0.109870
0 0.928953 0.247672 0.099359 0.122905
0 0.735577 0.255121 0.105769 0.115456
0 0.636752 0.253259 0.098291 0.108007
0 0.642094 0.414339 0.094017 0.113594
0 0.738248 0.414339 0.104701 0.109870
0 0.837607 0.413408 0.104701 0.115456
0 0.930556 0.405028 0.098291 0.113594
0 0.643697 0.577281 0.084402 0.096834
0 0.747329 0.579143 0.101496 0.119181
0 0.849359 0.578212 0.087607 0.117318
0 0.947650 0.573557 0.091880 0.115456