0 0.599893 0.415270 0.039530 0.108007
0 0.536859 0.410615 0.037393 0.117318
0 0.599893 0.281192 0.035256 0.111732
0 0.536325 0.271881 0.040598 0.104283
0 0.407051 0.259777 0.042735 0.121043
0 0.407051 0.405028 0.044872 0.117318
0 0.330128 0.401304 0.042735 0.121043
0 0.256944 0.393855 0.050214 0.121043
0 0.332799 0.250466 0.043803 0.117318
0 0.258013 0.240223 0.045940 0.122905
0 0.334936 0.102421 0.045940 0.126629
0 0.408120 0.112663 0.044872 0.121043
0 0.260684 0.088454 0.040598 0.139665
0 0.663462 0.287709 0.034188 0.128492
0 0.663996 0.431099 0.037393 0.109870
0 0.780449 0.434823 0.050214 0.102421
0 0.157051 0.208566 0.044872 0.119181
0 0.153846 0.381750 0.051282 0.115456
0 0.088141 0.385475 0.054487 0.130354
0 0.090812 0.204842 0.047009 0.137803
0 0.020833 0.198324 0.041667 0.132216
0 0.022436 0.387337 0.040598 0.141527
0 0.599893 0.148045 0.039530 0.121043
0 0.923077 0.554004 0.032051 0.087523
0 0.985043 0.431099 0.029915 0.094972