0 0.411859 0.685289 0.125000 0.338920
0 0.409722 0.200186 0.112179 0.337058
0 0.183226 0.222533 0.135684 0.325885
0 0.675748 0.321229 0.033120 0.117318
0 0.724893 0.316574 0.039530 0.126629
0 0.617521 0.310987 0.032051 0.100559
0 0.670406 0.186220 0.041667 0.111732
0 0.720620 0.186220 0.035256 0.104283
0 0.722756 0.070764 0.035256 0.108007
0 0.669872 0.064246 0.036325 0.091248
0 0.900641 0.215084 0.055556 0.132216
0 0.906517 0.444134 0.056624 0.150838
0 0.778312 0.196462 0.043803 0.121043
0 0.774573 0.067039 0.038462 0.108007
0 0.777244 0.337989 0.043803 0.135940