0 0.646368 0.403166 0.100427 0.210428
0 0.834936 0.410615 0.105769 0.210428
0 0.805021 0.693669 0.073718 0.195531
0 0.879808 0.693669 0.073718 0.188082
0 0.465812 0.676909 0.070513 0.195531
0 0.392628 0.670391 0.067308 0.197393
0 0.265491 0.667598 0.067308 0.195531
0 0.192308 0.664804 0.072650 0.204842
0 0.432158 0.395717 0.107906 0.229050
0 0.239850 0.388268 0.114316 0.217877
0 0.042201 0.453445 0.080128 0.236499
0 0.036325 0.717877 0.068376 0.221601
0 0.038996 0.133147 0.073718 0.202980
0 0.258547 0.114525 0.076923 0.199255
0 0.437500 0.122905 0.086538 0.216015
0 0.642094 0.125698 0.074786 0.214153
0 0.827457 0.140596 0.082265 0.214153