0 0.739316 0.401304 0.059829 0.199255
0 0.894231 0.372439 0.059829 0.182495
0 0.894765 0.143389 0.060897 0.182495
0 0.740385 0.176909 0.061966 0.204842
0 0.621261 0.162942 0.071581 0.206704
0 0.616453 0.392924 0.068376 0.204842
0 0.500534 0.390130 0.065171 0.195531
0 0.506944 0.146182 0.065171 0.188082
0 0.387286 0.143389 0.063034 0.175047
0 0.386218 0.374302 0.063034 0.186220
0 0.263889 0.366853 0.066239 0.197393
0 0.272436 0.133147 0.061966 0.191806
0 0.149573 0.124767 0.066239 0.197393
0 0.138355 0.355680 0.069444 0.197393