0 0.165598 0.148976 0.057692 0.186220
0 0.248397 0.137803 0.060897 0.189944
0 0.348825 0.135940 0.060897 0.178771
0 0.167735 0.367784 0.055556 0.139665
0 0.250534 0.359404 0.058761 0.148976
0 0.351496 0.356611 0.059829 0.173184
0 0.498397 0.352886 0.120726 0.188082
0 0.461004 0.126629 0.050214 0.156425
0 0.517094 0.119181 0.051282 0.156425
0 0.649573 0.334264 0.119658 0.176909
0 0.791667 0.321229 0.053419 0.188082
0 0.933226 0.309125 0.054487 0.163873
0 0.925214 0.083799 0.055556 0.152700
0 0.786859 0.097765 0.054487 0.165736
0 0.611111 0.110801 0.042735 0.158287
0 0.673611 0.103352 0.045940 0.162011