0 0.699252 0.352886 0.101496 0.277467
0 0.716880 0.719739 0.111111 0.281192
0 0.528312 0.734637 0.099359 0.281192
0 0.431090 0.736499 0.095085 0.288641
0 0.521368 0.369646 0.083333 0.255121
0 0.423611 0.373371 0.084402 0.262570
0 0.240385 0.378957 0.106838 0.277467
0 0.287927 0.738361 0.073718 0.296089
0 0.246261 0.085661 0.103632 0.171322
0 0.413462 0.062384 0.104701 0.117318
0 0.521368 0.059590 0.108974 0.104283
0 0.693910 0.076350 0.120726 0.148976
0 0.922009 0.255121 0.087607 0.193669
0 0.935363 0.440410 0.090812 0.150838
0 0.961004 0.635009 0.056624 0.171322
0 0.037927 0.374302 0.071581 0.309125
0 0.032051 0.725326 0.059829 0.258845