0 0.692308 0.382682 0.059829 0.162011
0 0.805021 0.383613 0.063034 0.182495
0 0.928419 0.386406 0.068376 0.188082
0 0.924679 0.155493 0.067308 0.191806
0 0.802885 0.150838 0.054487 0.186220
0 0.691239 0.148045 0.055556 0.191806
0 0.572650 0.138734 0.057692 0.180633
0 0.572650 0.366853 0.061966 0.178771
0 0.447115 0.362197 0.063034 0.176909
0 0.452991 0.133147 0.064103 0.188082
0 0.298077 0.154562 0.072650 0.208566
0 0.292201 0.395717 0.073718 0.214153
0 0.163996 0.382682 0.073718 0.210428
0 0.173077 0.149907 0.068376 0.202980
0 0.048611 0.143389 0.069444 0.204842
0 0.046474 0.378026 0.071581 0.189944