0 0.543803 0.465549 0.051282 0.134078
0 0.651709 0.455307 0.047009 0.132216
0 0.651709 0.636872 0.047009 0.152700
0 0.545406 0.647114 0.052350 0.147114
0 0.408654 0.642458 0.080128 0.163873
0 0.407051 0.468343 0.061966 0.143389
0 0.543269 0.271881 0.056624 0.197393
0 0.648504 0.272812 0.049145 0.180633
0 0.869658 0.645251 0.057692 0.162011
0 0.968483 0.453445 0.056624 0.143389
0 0.858440 0.462756 0.052350 0.143389
0 0.957265 0.269088 0.072650 0.188082
0 0.191239 0.492551 0.053419 0.169460
0 0.107372 0.494413 0.048077 0.176909
0 0.022436 0.492551 0.042735 0.162011
0 0.278846 0.295158 0.049145 0.154562
0 0.198184 0.300745 0.050214 0.158287
0 0.118056 0.299814 0.050214 0.152700
0 0.035256 0.300745 0.053419 0.162011
0 0.048077 0.104283 0.053419 0.134078
0 0.130342 0.101490 0.042735 0.128492
0 0.205662 0.100559 0.050214 0.141527
0 0.541667 0.061453 0.055556 0.108007
0 0.406517 0.253259 0.101496 0.186220
0 0.975427 0.642458 0.049145 0.171322
0 0.939103 0.069832 0.053419 0.132216