0 0.948718 0.408752 0.064103 0.195531
0 0.934829 0.147114 0.064103 0.204842
0 0.831731 0.145251 0.075855 0.212291
0 0.841880 0.405959 0.068376 0.197393
0 0.737714 0.400372 0.058761 0.201117
0 0.730235 0.141527 0.071581 0.212291
0 0.634081 0.132216 0.069444 0.216015
0 0.635150 0.404097 0.067308 0.201117
0 0.521902 0.403166 0.077991 0.202980
0 0.520833 0.133147 0.073718 0.229050
0 0.360043 0.416201 0.068376 0.210428
0 0.362714 0.137803 0.056624 0.227188
0 0.242521 0.130354 0.061966 0.219739
0 0.228098 0.420857 0.071581 0.219739
0 0.139957 0.421788 0.072650 0.217877
0 0.152244 0.131285 0.071581 0.221601
0 0.068376 0.136872 0.064103 0.195531
0 0.052350 0.421788 0.068376 0.214153