0 0.810897 0.360335 0.040598 0.113594
0 0.808226 0.493482 0.033120 0.100559
0 0.895833 0.505587 0.035256 0.098696
0 0.901175 0.369646 0.045940 0.128492
0 0.813034 0.225326 0.040598 0.104283
0 0.811966 0.104283 0.038462 0.100559
0 0.900641 0.120112 0.044872 0.102421
0 0.728098 0.095903 0.043803 0.106145
0 0.725427 0.216015 0.040598 0.115456
0 0.726496 0.351024 0.034188 0.109870
0 0.721688 0.479516 0.037393 0.106145
0 0.663462 0.472998 0.044872 0.096834
0 0.605769 0.465549 0.044872 0.104283
0 0.670406 0.342644 0.043803 0.126629
0 0.609509 0.332402 0.045940 0.124767
0 0.669872 0.202048 0.040598 0.109870
0 0.612179 0.198324 0.044872 0.102421
0 0.615385 0.076350 0.040598 0.096834
0 0.673611 0.080074 0.039530 0.100559
0 0.532051 0.201117 0.042735 0.111732
0 0.528846 0.330540 0.038462 0.113594
0 0.534188 0.072626 0.042735 0.104283
0 0.463141 0.066108 0.041667 0.098696
0 0.461004 0.193669 0.037393 0.111732
0 0.455662 0.325885 0.041667 0.115456
0 0.396368 0.186220 0.040598 0.108007
0 0.402244 0.060521 0.037393 0.102421
0 0.255342 0.302607 0.040598 0.109870
0 0.316239 0.445996 0.036325 0.109870
0 0.383013 0.453445 0.045940 0.094972
0 0.454060 0.449721 0.047009 0.109870
0 0.526709 0.462756 0.042735 0.106145
0 0.250534 0.437616 0.041667 0.111732
0 0.165598 0.427374 0.040598 0.102421
0 0.174679 0.297952 0.037393 0.141527
0 0.118056 0.295158 0.045940 0.113594
0 0.113782 0.418063 0.039530 0.102421
0 0.065171 0.418063 0.040598 0.102421
0 0.986645 0.387337 0.026709 0.096834
0 0.987179 0.477654 0.025641 0.083799