0 0.588141 0.447858 0.058761 0.139665
0 0.653312 0.446927 0.052350 0.141527
0 0.727564 0.446927 0.044872 0.145251
0 0.785791 0.440410 0.048077 0.132216
0 0.902244 0.424581 0.063034 0.163873
0 0.972756 0.418994 0.052350 0.167598
0 0.959402 0.197393 0.055556 0.175047
0 0.891560 0.192737 0.063034 0.180633
0 0.783654 0.270950 0.052350 0.117318
0 0.780983 0.110801 0.051282 0.117318
0 0.723291 0.105214 0.044872 0.124767
0 0.727030 0.262570 0.045940 0.122905
0 0.651709 0.221601 0.059829 0.152700
0 0.587073 0.224395 0.058761 0.169460
0 0.652778 0.065177 0.051282 0.126629
0 0.584936 0.063315 0.050214 0.104283
0 0.513355 0.264432 0.045940 0.141527
0 0.509615 0.446927 0.051282 0.145251
0 0.448184 0.447858 0.054487 0.143389
0 0.450855 0.265363 0.047009 0.143389
0 0.512286 0.083799 0.045940 0.111732
0 0.448718 0.085661 0.051282 0.115456
0 0.364316 0.256052 0.051282 0.173184
0 0.361111 0.464618 0.051282 0.176909
0 0.271368 0.459032 0.057692 0.173184
0 0.181624 0.456238 0.055556 0.175047
0 0.278312 0.256052 0.050214 0.184358
0 0.365919 0.072626 0.050214 0.137803
0 0.283654 0.077281 0.058761 0.143389
0 0.200321 0.075419 0.056624 0.147114
0 0.190171 0.249534 0.055556 0.182495