0 0.727030 0.596834 0.075855 0.400372
0 0.852564 0.604283 0.085470 0.370577
0 0.591346 0.596834 0.114316 0.456238
0 0.837073 0.172253 0.088675 0.318436
0 0.723291 0.157356 0.091880 0.299814
0 0.591346 0.159218 0.116453 0.281192
0 0.082265 0.122905 0.044872 0.126629
0 0.077991 0.294227 0.040598 0.122905
0 0.070513 0.463687 0.049145 0.126629
0 0.222756 0.608939 0.041667 0.130354
0 0.220620 0.445065 0.048077 0.130354
0 0.230769 0.276536 0.049145 0.139665
0 0.228098 0.090317 0.050214 0.135940
0 0.150107 0.114525 0.056624 0.124767
0 0.143697 0.291434 0.039530 0.135940
0 0.138889 0.459032 0.049145 0.143389
0 0.322650 0.143389 0.040598 0.141527
0 0.323184 0.351024 0.035256 0.150838
0 0.317842 0.572626 0.039530 0.176909