0 0.669872 0.343575 0.066239 0.202980
0 0.786325 0.353818 0.066239 0.193669
0 0.906517 0.362197 0.069444 0.195531
0 0.531517 0.348231 0.071581 0.216015
0 0.342415 0.362197 0.065171 0.221601
0 0.267628 0.358473 0.058761 0.202980
0 0.119658 0.356611 0.126068 0.236499
0 0.779915 0.098696 0.066239 0.178771
0 0.895299 0.102421 0.064103 0.193669
0 0.665598 0.086592 0.059829 0.169460
0 0.532051 0.084730 0.066239 0.154562
0 0.347222 0.086592 0.068376 0.154562
0 0.276175 0.084730 0.058761 0.162011
0 0.135150 0.077281 0.075855 0.150838