0 0.603632 0.393855 0.064103 0.214153
0 0.524573 0.391061 0.070513 0.219739
0 0.795940 0.172253 0.057692 0.210428
0 0.878739 0.175978 0.071581 0.199255
0 0.708333 0.175978 0.072650 0.191806
0 0.601496 0.163873 0.079060 0.182495
0 0.526709 0.166667 0.070513 0.176909
0 0.074252 0.388268 0.080128 0.191806
0 0.083868 0.185289 0.067308 0.176909
0 0.159188 0.182495 0.059829 0.160149
0 0.233440 0.179702 0.067308 0.162011
0 0.333868 0.165736 0.071581 0.167598
0 0.334936 0.391061 0.065171 0.197393
0 0.411859 0.391061 0.063034 0.197393
0 0.152244 0.397579 0.054487 0.180633
0 0.229167 0.401304 0.065171 0.195531
0 0.982906 0.258845 0.034188 0.104283
0 0.986111 0.368715 0.027778 0.104283
0 0.418269 0.168529 0.067308 0.165736