0 0.608974 0.227188 0.049145 0.152700
0 0.606838 0.413408 0.049145 0.148976
0 0.704060 0.223464 0.057692 0.148976
0 0.780983 0.227188 0.053419 0.152700
0 0.785256 0.410615 0.049145 0.128492
0 0.702457 0.415270 0.054487 0.126629
0 0.513355 0.216015 0.048077 0.148976
0 0.511752 0.409683 0.049145 0.130354
0 0.447650 0.409683 0.053419 0.130354
0 0.449252 0.219739 0.052350 0.148976
0 0.358974 0.221601 0.061966 0.141527
0 0.354701 0.405959 0.053419 0.145251
0 0.263355 0.256983 0.050214 0.156425
0 0.259615 0.434823 0.049145 0.132216
0 0.186432 0.434823 0.056624 0.124767
0 0.192308 0.260708 0.044872 0.152700
0 0.124466 0.247672 0.048077 0.141527
0 0.128739 0.081006 0.043803 0.128492
0 0.195513 0.077281 0.051282 0.135940
0 0.268697 0.079143 0.048077 0.139665
0 0.363782 0.056797 0.048077 0.109870
0 0.454060 0.056797 0.055556 0.094972
0 0.518697 0.054935 0.058761 0.106145
0 0.606838 0.054935 0.064103 0.098696
0 0.699252 0.057728 0.050214 0.100559
0 0.771902 0.058659 0.054487 0.102421