0 0.726496 0.439479 0.042735 0.134078
0 0.817842 0.440410 0.050214 0.135940
0 0.638889 0.439479 0.053419 0.137803
0 0.635684 0.271881 0.049145 0.148976
0 0.539530 0.269088 0.042735 0.135940
0 0.540598 0.444134 0.049145 0.147114
0 0.218483 0.256983 0.060897 0.141527
0 0.299679 0.084730 0.052350 0.147114
0 0.219551 0.089385 0.060897 0.145251
0 0.135684 0.087523 0.068376 0.148976
0 0.133013 0.259777 0.058761 0.143389
0 0.122863 0.432961 0.055556 0.132216
0 0.207799 0.429236 0.056624 0.135940
0 0.039530 0.435754 0.066239 0.126629
0 0.045406 0.261639 0.063034 0.154562