0 0.131410 0.305400 0.113248 0.290503
0 0.425748 0.459963 0.052350 0.152700
0 0.428419 0.306331 0.047009 0.132216
0 0.430021 0.166667 0.050214 0.128492
0 0.903312 0.302607 0.033120 0.083799
0 0.908120 0.414339 0.027778 0.094972
0 0.908120 0.514898 0.032051 0.087523
0 0.860577 0.522346 0.033120 0.083799
0 0.862179 0.423650 0.032051 0.083799
0 0.861111 0.328678 0.034188 0.087523
0 0.855235 0.222533 0.037393 0.094972
0 0.910256 0.603352 0.040598 0.089385
0 0.658120 0.285847 0.034188 0.117318
0 0.657585 0.167598 0.033120 0.074488
0 0.622329 0.195531 0.037393 0.089385