0 0.610043 0.374302 0.053419 0.148976
0 0.699786 0.367784 0.053419 0.150838
0 0.811966 0.378026 0.059829 0.145251
0 0.963141 0.436685 0.052350 0.150838
0 0.959936 0.220670 0.067308 0.188082
0 0.805021 0.143389 0.060897 0.186220
0 0.696581 0.144320 0.055556 0.162011
0 0.611111 0.148976 0.057692 0.175047
0 0.513355 0.149907 0.058761 0.169460
0 0.518697 0.381750 0.056624 0.163873
0 0.403846 0.381750 0.059829 0.167598
0 0.401709 0.157356 0.055556 0.176909
0 0.235043 0.358473 0.059829 0.191806
0 0.237179 0.112663 0.055556 0.184358
0 0.135150 0.114525 0.058761 0.176909
0 0.134615 0.361266 0.057692 0.186220
0 0.038462 0.361266 0.055556 0.182495
0 0.041667 0.111732 0.059829 0.182495