0 0.866987 0.343575 0.056624 0.191806
0 0.744658 0.335196 0.059829 0.193669
0 0.650107 0.335196 0.058761 0.182495
0 0.544872 0.332402 0.057692 0.180633
0 0.409188 0.355680 0.061966 0.141527
0 0.142094 0.331471 0.085470 0.148976
0 0.057692 0.325885 0.083333 0.148976
0 0.268162 0.351955 0.100427 0.201117
0 0.874466 0.094041 0.071581 0.176909
0 0.741987 0.092179 0.067308 0.180633
0 0.648504 0.092179 0.059829 0.169460
0 0.548077 0.094972 0.059829 0.175047
0 0.407585 0.097765 0.058761 0.184358
0 0.276175 0.102421 0.058761 0.186220
0 0.173611 0.100559 0.063034 0.189944
0 0.068376 0.102421 0.064103 0.193669