0 0.702457 0.304469 0.048077 0.154562
0 0.803953 0.316574 0.054487 0.137803
0 0.918269 0.313780 0.050214 0.143389
0 0.975962 0.151769 0.041667 0.121043
0 0.905983 0.156425 0.049145 0.122905
0 0.793803 0.160149 0.051282 0.126629
0 0.697115 0.139665 0.045940 0.126629
0 0.631944 0.302607 0.050214 0.150838
0 0.572115 0.303538 0.045940 0.152700
0 0.510684 0.300745 0.049145 0.147114
0 0.451389 0.300745 0.050214 0.143389
0 0.630342 0.137803 0.044872 0.119181
0 0.571047 0.136872 0.048077 0.124767
0 0.512286 0.135009 0.045940 0.121043
0 0.453526 0.131285 0.050214 0.124767
0 0.510150 0.479516 0.045940 0.124767
0 0.574786 0.477654 0.049145 0.117318
0 0.630876 0.478585 0.048077 0.119181
0 0.443376 0.476723 0.051282 0.111732
0 0.331197 0.483240 0.055556 0.147114
0 0.336538 0.284916 0.055556 0.160149
0 0.338675 0.101490 0.051282 0.135940
0 0.239316 0.108939 0.055556 0.139665
0 0.236645 0.294227 0.056624 0.160149
0 0.228632 0.488827 0.053419 0.147114
0 0.119658 0.494413 0.059829 0.154562
0 0.132479 0.290503 0.059829 0.156425
0 0.141560 0.110801 0.052350 0.132216
0 0.036859 0.110801 0.056624 0.143389
0 0.029915 0.291434 0.053419 0.162011