0 0.823718 0.359404 0.061966 0.156425
0 0.959936 0.337058 0.063034 0.186220
0 0.962607 0.094972 0.070513 0.182495
0 0.815171 0.094972 0.059829 0.186220
0 0.686966 0.094041 0.061966 0.180633
0 0.577991 0.096834 0.059829 0.163873
0 0.477564 0.102421 0.057692 0.189944
0 0.366987 0.098696 0.065171 0.193669
0 0.221688 0.103352 0.067308 0.188082
0 0.092949 0.107076 0.072650 0.199255
0 0.021902 0.109870 0.043803 0.201117
0 0.085470 0.338920 0.064103 0.167598
0 0.213141 0.340782 0.112179 0.171322
0 0.379808 0.333333 0.088675 0.167598
0 0.469017 0.324953 0.094017 0.150838
0 0.553419 0.322160 0.091880 0.163873
0 0.688034 0.344507 0.096154 0.186220