0 0.743056 0.357542 0.063034 0.201117
0 0.832799 0.355680 0.060897 0.182495
0 0.924679 0.357542 0.060897 0.189944
0 0.917201 0.107076 0.069444 0.188082
0 0.824786 0.104283 0.064103 0.182495
0 0.739850 0.108939 0.065171 0.199255
0 0.635150 0.359404 0.071581 0.178771
0 0.536859 0.361266 0.063034 0.178771
0 0.442842 0.363128 0.067308 0.178771
0 0.168269 0.346369 0.060897 0.167598
0 0.052885 0.339851 0.069444 0.180633
0 0.263889 0.353818 0.055556 0.178771
0 0.633547 0.131285 0.061966 0.195531
0 0.055021 0.098696 0.069444 0.189944
0 0.167735 0.099628 0.068376 0.184358