0 0.736645 0.298883 0.033120 0.117318
0 0.736645 0.445996 0.041667 0.094972
0 0.636752 0.441341 0.047009 0.096834
0 0.635684 0.298883 0.044872 0.113594
0 0.733974 0.156425 0.042735 0.111732
0 0.633547 0.162011 0.055556 0.104283
0 0.544338 0.299814 0.033120 0.111732
0 0.545940 0.442272 0.032051 0.102421
0 0.447650 0.444134 0.051282 0.102421
0 0.447115 0.585661 0.050214 0.117318
0 0.447650 0.306331 0.044872 0.113594
0 0.451389 0.167598 0.041667 0.111732
0 0.360043 0.175978 0.040598 0.094972
0 0.360043 0.309125 0.042735 0.100559
0 0.357372 0.444134 0.039530 0.106145
0 0.353098 0.581006 0.048077 0.108007
0 0.294872 0.444134 0.036325 0.098696
0 0.294338 0.313780 0.039530 0.109870
0 0.298611 0.181564 0.037393 0.109870
0 0.300214 0.053073 0.040598 0.091248
0 0.242521 0.062384 0.040598 0.091248
0 0.239316 0.189944 0.029915 0.096834
0 0.234509 0.319367 0.037393 0.102421
0 0.227564 0.456238 0.036325 0.093110
0 0.146902 0.454376 0.037393 0.096834
0 0.223825 0.580074 0.052350 0.113594
0 0.139957 0.576350 0.053419 0.121043
0 0.151709 0.322160 0.034188 0.104283
0 0.155983 0.195531 0.038462 0.093110
0 0.158120 0.070764 0.038462 0.096834
0 0.075855 0.083799 0.042735 0.093110
0 0.072650 0.204842 0.040598 0.100559
0 0.068376 0.327747 0.042735 0.100559
0 0.059295 0.460894 0.041667 0.091248