0 0.785791 0.355680 0.045940 0.141527
0 0.857372 0.355680 0.045940 0.134078
0 0.859509 0.163873 0.052350 0.163873
0 0.784188 0.168529 0.057692 0.165736
0 0.719017 0.172253 0.049145 0.180633
0 0.714744 0.351955 0.047009 0.141527
0 0.577991 0.400372 0.055556 0.145251
0 0.489850 0.401304 0.050214 0.150838
0 0.580128 0.196462 0.051282 0.150838
0 0.492521 0.206704 0.049145 0.148976
0 0.413996 0.213222 0.045940 0.135940
0 0.413462 0.403166 0.049145 0.147114
0 0.337607 0.405028 0.049145 0.135940
0 0.337607 0.224395 0.049145 0.139665
0 0.262821 0.412477 0.049145 0.135940
0 0.203526 0.414339 0.035256 0.124767
0 0.118590 0.421788 0.047009 0.128492
0 0.118590 0.242086 0.044872 0.130354
0 0.340812 0.050279 0.044872 0.100559
0 0.416132 0.051210 0.041667 0.098696
0 0.266560 0.062384 0.045940 0.117318
0 0.198184 0.062384 0.045940 0.113594
0 0.121261 0.064246 0.050214 0.124767
0 0.267094 0.232775 0.049145 0.134078
0 0.193910 0.231844 0.050214 0.128492
0 0.017628 0.111732 0.033120 0.126629
0 0.016560 0.269088 0.030983 0.121043
0 0.016560 0.445996 0.028846 0.143389