0 0.978632 0.313780 0.042735 0.117318
0 0.981303 0.465549 0.037393 0.111732
0 0.875534 0.462756 0.048077 0.098696
0 0.771902 0.471136 0.050214 0.100559
0 0.764957 0.327747 0.047009 0.108007
0 0.870192 0.319367 0.050214 0.106145
0 0.673077 0.469274 0.044872 0.104283
0 0.669338 0.332402 0.045940 0.106145
0 0.668269 0.200186 0.045940 0.094972
0 0.761218 0.194600 0.048077 0.091248
0 0.663462 0.068901 0.042735 0.100559
0 0.755342 0.054935 0.051282 0.098696
0 0.675214 0.608939 0.057692 0.115456
0 0.578526 0.609870 0.056624 0.117318
0 0.575855 0.472998 0.042735 0.108007
0 0.575855 0.338920 0.044872 0.108007
0 0.575321 0.212291 0.043803 0.104283
0 0.573718 0.080074 0.040598 0.093110
0 0.507479 0.091248 0.038462 0.085661
0 0.509615 0.222533 0.038462 0.098696
0 0.506410 0.346369 0.042735 0.104283
0 0.509081 0.475791 0.037393 0.098696
0 0.441774 0.610801 0.050214 0.108007
0 0.441774 0.475791 0.039530 0.094972
0 0.353098 0.486965 0.041667 0.098696
0 0.355235 0.613594 0.056624 0.102421
0 0.356303 0.355680 0.037393 0.108007
0 0.358440 0.235568 0.041667 0.102421
0 0.358974 0.112663 0.040598 0.087523
0 0.269231 0.491620 0.040598 0.093110
0 0.189103 0.497207 0.036325 0.093110
0 0.131944 0.496276 0.033120 0.087523
0 0.191774 0.370577 0.037393 0.096834
0 0.271368 0.364060 0.036325 0.098696
0 0.140491 0.375233 0.033120 0.109870
0 0.280983 0.124767 0.036325 0.096834
0 0.276709 0.250466 0.034188 0.087523
0 0.198718 0.256983 0.034188 0.093110
0 0.144765 0.256983 0.035256 0.085661
0 0.204594 0.138734 0.037393 0.087523
0 0.150107 0.144320 0.035256 0.080074
0 0.206197 0.044693 0.034188 0.081937
0 0.152244 0.040968 0.033120 0.078212
0 0.070513 0.499069 0.036325 0.115456
0 0.445513 0.226257 0.040598 0.098696
0 0.445513 0.100559 0.040598 0.081937