0 0.833868 0.365922 0.082265 0.229050
0 0.971688 0.093110 0.056624 0.182495
0 0.974893 0.357542 0.050214 0.238361
0 0.829060 0.106145 0.083333 0.197393
0 0.680556 0.085661 0.104701 0.156425
0 0.672009 0.378957 0.102564 0.206704
0 0.484509 0.370577 0.080128 0.204842
0 0.485577 0.103352 0.077991 0.195531
0 0.287927 0.092179 0.107906 0.180633
0 0.294338 0.385475 0.105769 0.204842
0 0.125534 0.382682 0.080128 0.217877
0 0.132479 0.113594 0.072650 0.201117
0 0.032585 0.091248 0.050214 0.178771
0 0.024038 0.363128 0.043803 0.193669