0 0.856303 0.365922 0.048077 0.109870
0 0.811966 0.365922 0.040598 0.106145
0 0.805556 0.234637 0.044872 0.093110
0 0.850427 0.229981 0.049145 0.094972
0 0.943376 0.258845 0.049145 0.122905
0 0.952457 0.379888 0.048077 0.104283
0 0.938034 0.132216 0.044872 0.108007
0 0.986111 0.123836 0.027778 0.121043
0 0.845620 0.109870 0.045940 0.089385
0 0.751603 0.186220 0.041667 0.096834
0 0.752137 0.318436 0.040598 0.134078
0 0.753739 0.466480 0.050214 0.117318
0 0.707265 0.472067 0.049145 0.128492
0 0.703526 0.322160 0.043803 0.122905
0 0.700321 0.188082 0.041667 0.089385
0 0.631944 0.193669 0.041667 0.108007
0 0.633013 0.335196 0.043803 0.115456
0 0.549679 0.334264 0.045940 0.124767
0 0.550214 0.201117 0.040598 0.104283
0 0.550214 0.079143 0.040598 0.102421
0 0.631944 0.069832 0.043803 0.109870
0 0.471688 0.083799 0.039530 0.104283
0 0.471688 0.211359 0.041667 0.113594
0 0.470085 0.340782 0.044872 0.115456
0 0.396368 0.095903 0.042735 0.102421
0 0.394765 0.214153 0.037393 0.104283
0 0.340278 0.193669 0.028846 0.085661
0 0.234509 0.498138 0.033120 0.098696
0 0.197650 0.498138 0.025641 0.094972
0 0.155983 0.497207 0.038462 0.096834
0 0.122329 0.501862 0.026709 0.091248
0 0.081731 0.513966 0.028846 0.115456
0 0.240385 0.254190 0.032051 0.083799
0 0.298077 0.201117 0.021368 0.093110
0 0.330662 0.546555 0.033120 0.087523
0 0.743056 0.075419 0.033120 0.083799
0 0.694979 0.075419 0.043803 0.091248