0 0.576923 0.663873 0.083333 0.255121
0 0.693910 0.655493 0.073718 0.260708
0 0.864316 0.639665 0.089744 0.236499
0 0.842949 0.297952 0.094017 0.223464
0 0.662927 0.066108 0.073718 0.128492
0 0.675748 0.310987 0.073718 0.204842
0 0.560897 0.322160 0.079060 0.197393
0 0.555021 0.071695 0.077991 0.143389
0 0.424679 0.302607 0.067308 0.135940
0 0.293269 0.337989 0.069444 0.199255
0 0.183761 0.341713 0.072650 0.188082
0 0.187500 0.048417 0.067308 0.096834
0 0.295406 0.045624 0.060897 0.083799
0 0.175214 0.690875 0.081197 0.249534