0 0.958333 0.486965 0.055556 0.121043
0 0.890491 0.485102 0.060897 0.117318
0 0.798077 0.461825 0.057692 0.171322
0 0.738782 0.456238 0.048077 0.167598
0 0.678953 0.457169 0.052350 0.173184
0 0.792201 0.260708 0.052350 0.167598
0 0.730235 0.256983 0.045940 0.171322
0 0.675214 0.253259 0.051282 0.167598
0 0.728098 0.097765 0.039530 0.124767
0 0.784188 0.098696 0.042735 0.134078
0 0.674145 0.094972 0.053419 0.115456
0 0.872863 0.180633 0.044872 0.115456
0 0.937500 0.183426 0.050214 0.117318
0 0.928419 0.048417 0.057692 0.096834
0 0.868590 0.054935 0.057692 0.098696
0 0.947115 0.337989 0.058761 0.113594
0 0.884615 0.333333 0.059829 0.111732
0 0.314103 0.432030 0.047009 0.178771
0 0.251603 0.430168 0.045940 0.182495
0 0.260684 0.261639 0.042735 0.165736
0 0.316774 0.253259 0.045940 0.167598
0 0.322650 0.086592 0.047009 0.143389
0 0.263889 0.088454 0.049145 0.150838
0 0.173611 0.441341 0.041667 0.163873
0 0.110043 0.445996 0.044872 0.158287
0 0.041667 0.291434 0.034188 0.098696
0 0.180556 0.256983 0.038462 0.163873
0 0.120726 0.258845 0.044872 0.160149
0 0.048077 0.180633 0.036325 0.096834
0 0.053419 0.069832 0.038462 0.098696
0 0.391026 0.320298 0.047009 0.160149
0 0.380876 0.505587 0.052350 0.158287
0 0.453526 0.501862 0.050214 0.154562
0 0.455128 0.321229 0.049145 0.162011
0 0.457799 0.169460 0.050214 0.119181
0 0.390491 0.165736 0.045940 0.126629
0 0.569444 0.318436 0.047009 0.134078
0 0.570513 0.498138 0.049145 0.162011
0 0.520833 0.496276 0.033120 0.158287
0 0.620192 0.496276 0.043803 0.169460
0 0.127671 0.086592 0.041667 0.158287
0 0.185897 0.081937 0.044872 0.137803