0 0.786859 0.370577 0.075855 0.175047
0 0.654380 0.372439 0.067308 0.175047
0 0.517094 0.376164 0.064103 0.167598
0 0.391026 0.383613 0.064103 0.160149
0 0.272970 0.394786 0.060897 0.148976
0 0.145299 0.400372 0.064103 0.156425
0 0.782051 0.123836 0.076923 0.202980
0 0.972756 0.106145 0.054487 0.182495
0 0.651709 0.134078 0.068376 0.189944
0 0.519765 0.146182 0.069444 0.188082
0 0.394765 0.160149 0.071581 0.186220
0 0.274038 0.178771 0.067308 0.182495
0 0.156517 0.182495 0.058761 0.152700
0 0.030983 0.387337 0.049145 0.145251
0 0.038462 0.180633 0.051282 0.130354