0 0.972756 0.416201 0.054487 0.202980
0 0.901175 0.417132 0.065171 0.201117
0 0.966880 0.181564 0.061966 0.188082
0 0.894765 0.187151 0.065171 0.202980
0 0.753205 0.361266 0.059829 0.212291
0 0.700855 0.348231 0.051282 0.216015
0 0.748932 0.101490 0.059829 0.199255
0 0.700855 0.100559 0.040598 0.186220
0 0.590278 0.094972 0.056624 0.182495
0 0.529915 0.094041 0.064103 0.184358
0 0.582799 0.343575 0.056624 0.214153
0 0.521902 0.335196 0.060897 0.216015
0 0.386752 0.338920 0.068376 0.219739
0 0.393697 0.087523 0.065171 0.171322
0 0.268162 0.086592 0.064103 0.162011
0 0.256410 0.342644 0.068376 0.201117
0 0.130342 0.339851 0.072650 0.214153
0 0.149573 0.084730 0.059829 0.169460
0 0.020833 0.348231 0.039530 0.212291
0 0.028846 0.081006 0.053419 0.158287