0 0.677885 0.301676 0.077991 0.189944
0 0.827457 0.306331 0.080128 0.206704
0 0.959402 0.304469 0.081197 0.199255
0 0.528312 0.303538 0.082265 0.189944
0 0.381944 0.304469 0.082265 0.195531
0 0.245726 0.301676 0.079060 0.189944
0 0.122329 0.300745 0.080128 0.210428
0 0.529915 0.074488 0.074786 0.145251
0 0.674679 0.076350 0.082265 0.145251
0 0.819444 0.075419 0.083333 0.147114
0 0.951923 0.074488 0.096154 0.137803
0 0.385150 0.075419 0.082265 0.150838
0 0.256944 0.081937 0.082265 0.156425
0 0.134081 0.078212 0.086538 0.148976