0 0.517628 0.368715 0.073718 0.197393
0 0.662393 0.366853 0.074786 0.204842
0 0.799145 0.374302 0.072650 0.204842
0 0.938034 0.371508 0.072650 0.202980
0 0.920406 0.103352 0.071581 0.176909
0 0.780983 0.104283 0.070513 0.175047
0 0.654380 0.097765 0.067308 0.176909
0 0.514957 0.107076 0.076923 0.195531
0 0.373932 0.105214 0.076923 0.202980
0 0.369658 0.366853 0.076923 0.201117
0 0.162393 0.374302 0.089744 0.256983
0 0.177885 0.097765 0.088675 0.195531
0 0.058761 0.091248 0.081197 0.178771
0 0.042735 0.378026 0.070513 0.242086