0 0.684829 0.128492 0.072650 0.256983
0 0.812500 0.121043 0.088675 0.242086
0 0.826389 0.430168 0.088675 0.145251
0 0.842415 0.661080 0.086538 0.230912
0 0.705662 0.662942 0.077991 0.227188
0 0.692842 0.424581 0.067308 0.145251
0 0.964209 0.469274 0.071581 0.201117
0 0.953526 0.153631 0.092949 0.292365
0 0.496795 0.131285 0.079060 0.247672
0 0.310363 0.131285 0.088675 0.255121
0 0.304487 0.433892 0.068376 0.130354
0 0.306624 0.672253 0.068376 0.216015
0 0.173077 0.444134 0.070513 0.154562
0 0.032585 0.445996 0.065171 0.154562
0 0.043269 0.153631 0.077991 0.292365
0 0.178953 0.146182 0.077991 0.277467