0 0.762286 0.080074 0.116453 0.160149
0 0.978632 0.088454 0.042735 0.169460
0 0.770833 0.606145 0.125000 0.310987
0 0.357906 0.323091 0.042735 0.083799
0 0.355769 0.458101 0.023504 0.081937
0 0.415064 0.332402 0.026709 0.076350
0 0.417735 0.462756 0.017094 0.080074
0 0.291132 0.338920 0.011752 0.085661
0 0.088141 0.339851 0.048077 0.180633
0 0.168269 0.390130 0.030983 0.128492
0 0.208868 0.412477 0.030983 0.121043
0 0.097222 0.162011 0.044872 0.171322
0 0.174145 0.247672 0.029915 0.134078
0 0.212073 0.281192 0.026709 0.119181
0 0.182158 0.109870 0.028846 0.141527
0 0.216880 0.162011 0.021368 0.126629
0 0.220620 0.050279 0.028846 0.093110