0 0.333868 0.258845 0.071581 0.245810
0 0.328526 0.638734 0.065171 0.309125
0 0.666667 0.646182 0.100427 0.327747
0 0.948718 0.669460 0.102564 0.333333
0 0.931624 0.255121 0.100427 0.290503
0 0.670406 0.239292 0.103632 0.284916
0 0.030983 0.052142 0.034188 0.100559
0 0.021902 0.193669 0.028846 0.137803
0 0.107906 0.111732 0.032051 0.104283
0 0.097756 0.232775 0.028846 0.122905
0 0.093483 0.363128 0.022436 0.115456
0 0.084402 0.482309 0.025641 0.108007
0 0.130876 0.497207 0.024573 0.078212
0 0.160791 0.507449 0.018162 0.083799
0 0.213141 0.385475 0.020299 0.055866
0 0.248932 0.387337 0.019231 0.059590
0 0.208868 0.443203 0.024573 0.044693
0 0.207799 0.493482 0.022436 0.044693
0 0.202991 0.541899 0.025641 0.037244
0 0.243056 0.497207 0.020299 0.063315
0 0.176816 0.216946 0.020299 0.068901
0 0.142094 0.285847 0.027778 0.094972
0 0.146902 0.175047 0.018162 0.093110
0 0.136752 0.379888 0.023504 0.104283
0 0.174145 0.316574 0.019231 0.085661
0 0.168269 0.400372 0.022436 0.067039