0 0.184295 0.342644 0.077991 0.193669
0 0.293269 0.332402 0.065171 0.210428
0 0.180021 0.687151 0.077991 0.249534
0 0.191239 0.045624 0.064103 0.091248
0 0.427350 0.327747 0.081197 0.204842
0 0.563034 0.308194 0.076923 0.206704
0 0.676282 0.300745 0.081197 0.195531
0 0.574786 0.662942 0.081197 0.242086
0 0.694444 0.652700 0.091880 0.247672
0 0.863782 0.632216 0.090812 0.240223
0 0.842415 0.299814 0.101496 0.219739
0 0.663462 0.065177 0.074786 0.122905
0 0.555021 0.069832 0.075855 0.139665
0 0.424145 0.054935 0.079060 0.106145
0 0.294872 0.044693 0.064103 0.081937
0 0.982372 0.293296 0.035256 0.225326
0 0.824786 0.048417 0.072650 0.089385
0 0.979167 0.040037 0.041667 0.072626