0 0.036859 0.060521 0.037393 0.106145
0 0.116453 0.050279 0.038462 0.089385
0 0.186966 0.047486 0.036325 0.087523
0 0.035791 0.186220 0.037393 0.096834
0 0.112714 0.177840 0.039530 0.102421
0 0.184829 0.171322 0.040598 0.104283
0 0.035791 0.320298 0.041667 0.122905
0 0.113248 0.313780 0.049145 0.124767
0 0.185363 0.310056 0.043803 0.106145
0 0.034188 0.453445 0.040598 0.091248
0 0.112179 0.452514 0.044872 0.100559
0 0.183226 0.431099 0.039530 0.087523
0 0.289530 0.066108 0.032051 0.076350
0 0.285256 0.206704 0.027778 0.078212
0 0.284188 0.345438 0.034188 0.102421
0 0.353632 0.216015 0.029915 0.089385
0 0.354167 0.344507 0.041667 0.111732
0 0.527244 0.101490 0.037393 0.061453
0 0.356303 0.058659 0.030983 0.076350
0 0.427885 0.207635 0.035256 0.102421
0 0.424145 0.334264 0.044872 0.109870
0 0.425748 0.461825 0.039530 0.078212
0 0.497329 0.460894 0.050214 0.080074
0 0.563568 0.453445 0.043803 0.072626
0 0.563568 0.319367 0.037393 0.109870
0 0.498932 0.329609 0.042735 0.104283
0 0.497329 0.205773 0.039530 0.098696
0 0.564103 0.201117 0.034188 0.081937
0 0.591346 0.093110 0.037393 0.063315
0 0.673611 0.195531 0.037393 0.078212
0 0.672543 0.309125 0.037393 0.093110
0 0.681090 0.455307 0.033120 0.083799
0 0.754808 0.069832 0.035256 0.057728
0 0.767628 0.186220 0.033120 0.085661
0 0.765491 0.308194 0.035256 0.098696
0 0.769765 0.437616 0.037393 0.081937
0 0.889423 0.114525 0.041667 0.109870
0 0.893697 0.270019 0.048077 0.130354
0 0.895299 0.411546 0.042735 0.111732
0 0.978632 0.112663 0.042735 0.109870
0 0.979701 0.276536 0.040598 0.139665
0 0.981303 0.415270 0.037393 0.122905