0 0.315171 0.143389 0.055556 0.171322
0 0.429487 0.162942 0.055556 0.199255
0 0.540064 0.160149 0.050214 0.193669
0 0.654380 0.166667 0.058761 0.173184
0 0.306624 0.393855 0.055556 0.165736
0 0.424679 0.400372 0.056624 0.167598
0 0.536859 0.408752 0.056624 0.180633
0 0.651175 0.407821 0.058761 0.178771
0 0.211004 0.629423 0.075855 0.189944
0 0.305021 0.635009 0.069444 0.182495
0 0.526175 0.651769 0.071581 0.175047
0 0.653312 0.652700 0.077991 0.184358
0 0.813034 0.667598 0.059829 0.188082
0 0.824252 0.411546 0.054487 0.160149
0 0.824252 0.170391 0.056624 0.176909
0 0.965278 0.170391 0.056624 0.154562
0 0.969017 0.423650 0.051282 0.165736
0 0.969551 0.666667 0.060897 0.197393