0 0.671474 0.473929 0.050214 0.139665
0 0.747863 0.484171 0.053419 0.145251
0 0.820513 0.480447 0.049145 0.148976
0 0.902778 0.485102 0.051282 0.154562
0 0.384615 0.301676 0.044872 0.134078
0 0.745726 0.315642 0.044872 0.132216
0 0.746261 0.160149 0.048077 0.126629
0 0.899038 0.314711 0.048077 0.145251
0 0.815705 0.312849 0.048077 0.141527
0 0.295406 0.181564 0.037393 0.094972
0 0.673077 0.316574 0.053419 0.152700
0 0.384615 0.444134 0.051282 0.098696
0 0.466346 0.463687 0.048077 0.122905
0 0.233974 0.071695 0.066239 0.106145
0 0.064103 0.177840 0.047009 0.128492
0 0.894765 0.159218 0.050214 0.139665
0 0.391026 0.152700 0.040598 0.122905