0 0.427350 0.301676 0.053419 0.148976
0 0.883547 0.473929 0.059829 0.124767
0 0.794338 0.476723 0.058761 0.130354
0 0.708868 0.469274 0.050214 0.134078
0 0.427885 0.472998 0.050214 0.130354
0 0.497863 0.472998 0.049145 0.148976
0 0.586004 0.475791 0.050214 0.139665
0 0.360577 0.298883 0.041667 0.135940
0 0.431624 0.130354 0.047009 0.141527
0 0.072650 0.483240 0.051282 0.121043
0 0.201389 0.475791 0.054487 0.135940
0 0.876068 0.313780 0.053419 0.128492
0 0.497863 0.301676 0.042735 0.148976
0 0.084402 0.331471 0.047009 0.134078
0 0.354701 0.470205 0.049145 0.147114
0 0.287393 0.472067 0.057692 0.147114
0 0.788462 0.306331 0.049145 0.143389