0 0.633013 0.324953 0.069444 0.158287
0 0.737179 0.322160 0.081197 0.160149
0 0.740385 0.097765 0.072650 0.154562
0 0.637821 0.128492 0.079060 0.148976
0 0.731303 0.538175 0.088675 0.167598
0 0.626603 0.530726 0.075855 0.163873
0 0.490385 0.329609 0.055556 0.256983
0 0.482372 0.606145 0.052350 0.277467
0 0.206731 0.291434 0.075855 0.180633
0 0.195513 0.543762 0.064103 0.189944
0 0.135150 0.306331 0.060897 0.158287
0 0.144765 0.091248 0.052350 0.160149
0 0.127671 0.524209 0.054487 0.162011
0 0.036325 0.142458 0.049145 0.143389
0 0.503739 0.108939 0.045940 0.217877