0 0.392628 0.170391 0.099359 0.143389
0 0.409188 0.639665 0.108974 0.296089
0 0.503739 0.621974 0.101496 0.283054
0 0.312500 0.662011 0.099359 0.292365
0 0.591346 0.608007 0.097222 0.266294
0 0.301282 0.185289 0.096154 0.158287
0 0.890491 0.230912 0.054487 0.108007
0 0.572650 0.175978 0.081197 0.150838
0 0.488248 0.170391 0.096154 0.154562
0 0.956197 0.174115 0.061966 0.121043
0 0.904915 0.336127 0.064103 0.113594
0 0.912927 0.450652 0.063034 0.108007
0 0.970620 0.299814 0.056624 0.130354
0 0.208333 0.191806 0.104701 0.163873
0 0.105769 0.204842 0.108974 0.182495
0 0.640491 0.188082 0.067308 0.156425
0 0.696047 0.216946 0.043803 0.154562
0 0.665598 0.602421 0.074786 0.277467