0 0.665598 0.403166 0.070513 0.199255
0 0.792735 0.409683 0.068376 0.189944
0 0.936432 0.418994 0.082265 0.182495
0 0.537393 0.401304 0.066239 0.195531
0 0.536859 0.140596 0.067308 0.191806
0 0.664530 0.144320 0.072650 0.202980
0 0.924145 0.158287 0.076923 0.189944
0 0.418803 0.138734 0.074786 0.206704
0 0.408120 0.391993 0.068376 0.199255
0 0.283120 0.411546 0.055556 0.167598
0 0.196047 0.414339 0.063034 0.173184
0 0.100427 0.396648 0.059829 0.178771
0 0.115385 0.175047 0.064103 0.186220
0 0.210470 0.173184 0.070513 0.182495