0 0.723291 0.310987 0.106838 0.264432
0 0.916667 0.249534 0.141026 0.305400
0 0.507479 0.337058 0.085470 0.193669
0 0.494658 0.083799 0.081197 0.167598
0 0.042201 0.225326 0.037393 0.100559
0 0.042735 0.333333 0.038462 0.108007
0 0.040064 0.427374 0.039530 0.094972
0 0.041667 0.534451 0.038462 0.085661
0 0.098825 0.309125 0.030983 0.093110
0 0.103632 0.529795 0.029915 0.102421
0 0.136752 0.319367 0.027778 0.087523
0 0.185897 0.337058 0.029915 0.078212
0 0.189103 0.436685 0.029915 0.091248
0 0.098825 0.217877 0.030983 0.081937
0 0.137821 0.235568 0.029915 0.072626