0 0.486645 0.398510 0.075855 0.204842
0 0.627137 0.391993 0.076923 0.210428
0 0.759081 0.391061 0.069444 0.216015
0 0.746795 0.084730 0.068376 0.165736
0 0.908120 0.081937 0.066239 0.156425
0 0.621795 0.092179 0.066239 0.162011
0 0.486645 0.094041 0.065171 0.162011
0 0.356838 0.396648 0.085470 0.204842
0 0.180021 0.398510 0.073718 0.216015
0 0.049679 0.406890 0.080128 0.225326
0 0.050748 0.099628 0.069444 0.195531
0 0.181090 0.094972 0.067308 0.178771
0 0.356303 0.094972 0.067308 0.186220
0 0.762286 0.643389 0.065171 0.087523
0 0.631410 0.649907 0.064103 0.089385
0 0.490385 0.655493 0.070513 0.081937