0 0.584936 0.337058 0.088675 0.227188
0 0.475427 0.338920 0.091880 0.227188
0 0.693376 0.340782 0.085470 0.234637
0 0.798611 0.322160 0.086538 0.216015
0 0.316774 0.304469 0.086538 0.173184
0 0.202991 0.287709 0.098291 0.180633
0 0.076389 0.288641 0.099359 0.182495
0 0.963141 0.322160 0.073718 0.256983
0 0.319979 0.071695 0.086538 0.135940
0 0.206197 0.068901 0.091880 0.134078
0 0.079594 0.065177 0.092949 0.130354
0 0.475427 0.075419 0.085470 0.147114
0 0.588141 0.082868 0.084402 0.135940
0 0.693910 0.081006 0.086538 0.132216
0 0.797009 0.080074 0.098291 0.141527
0 0.962073 0.086592 0.071581 0.162011