0 0.886218 0.189013 0.060897 0.176909
0 0.889957 0.389199 0.059829 0.163873
0 0.754274 0.184358 0.061966 0.182495
0 0.755342 0.381750 0.066239 0.175047
0 0.658120 0.372439 0.057692 0.171322
0 0.658120 0.170391 0.061966 0.188082
0 0.556624 0.162942 0.059829 0.173184
0 0.553419 0.363128 0.057692 0.163873
0 0.458333 0.359404 0.061966 0.167598
0 0.463675 0.156425 0.061966 0.171322
0 0.367521 0.154562 0.057692 0.189944
0 0.363248 0.359404 0.064103 0.182495
0 0.267094 0.067970 0.053419 0.135940
0 0.176816 0.062384 0.063034 0.121043
0 0.098825 0.066108 0.063034 0.132216
0 0.027244 0.062384 0.052350 0.117318
0 0.020299 0.232775 0.034188 0.148976
0 0.095620 0.231844 0.052350 0.154562
0 0.170406 0.242086 0.056624 0.152700
0 0.253739 0.240223 0.054487 0.171322
0 0.252137 0.434823 0.059829 0.147114
0 0.167735 0.428305 0.051282 0.141527
0 0.090278 0.424581 0.056624 0.148976
0 0.016560 0.427374 0.033120 0.143389