0 0.068376 0.139665 0.057692 0.171322
0 0.201923 0.124767 0.057692 0.163873
0 0.329594 0.117318 0.054487 0.167598
0 0.462607 0.107076 0.055556 0.169460
0 0.598291 0.095903 0.066239 0.180633
0 0.732372 0.084730 0.058761 0.169460
0 0.862714 0.081006 0.067308 0.162011
0 0.063568 0.459963 0.063034 0.238361
0 0.200855 0.451583 0.066239 0.240223
0 0.332799 0.445996 0.063034 0.243948
0 0.470620 0.432030 0.069444 0.242086
0 0.607372 0.427374 0.088675 0.225326
0 0.741987 0.406890 0.090812 0.217877
0 0.885150 0.398510 0.103632 0.227188