0 0.259081 0.339851 0.063034 0.188082
0 0.090278 0.422719 0.067308 0.223464
0 0.099893 0.142458 0.077991 0.214153
0 0.405983 0.087523 0.070513 0.167598
0 0.399573 0.332402 0.068376 0.206704
0 0.512821 0.329609 0.066239 0.208566
0 0.619124 0.327747 0.065171 0.219739
0 0.511752 0.091248 0.068376 0.171322
0 0.617521 0.094041 0.064103 0.169460
0 0.750000 0.094041 0.074786 0.154562
0 0.761752 0.336127 0.074786 0.199255
0 0.894765 0.329609 0.075855 0.208566
0 0.886752 0.095903 0.081197 0.169460
0 0.264957 0.089385 0.066239 0.152700