0 0.146902 0.202980 0.060897 0.189944
0 0.141560 0.544693 0.090812 0.243948
0 0.282051 0.191806 0.057692 0.189944
0 0.418269 0.190875 0.058761 0.184358
0 0.553953 0.181564 0.063034 0.180633
0 0.691774 0.168529 0.069444 0.180633
0 0.813568 0.158287 0.063034 0.182495
0 0.954594 0.148976 0.071581 0.186220
0 0.284188 0.534451 0.085470 0.227188
0 0.424145 0.527933 0.083333 0.236499
0 0.563568 0.516760 0.092949 0.232775
0 0.701389 0.499069 0.069444 0.242086
0 0.833868 0.483240 0.069444 0.243948
0 0.969551 0.465549 0.060897 0.242086