0 0.166667 0.462756 0.074786 0.221601
0 0.054487 0.472998 0.079060 0.223464
0 0.167201 0.209497 0.092949 0.232775
0 0.061432 0.215084 0.073718 0.236499
0 0.295406 0.130354 0.067308 0.204842
0 0.375534 0.129423 0.065171 0.188082
0 0.290064 0.395717 0.065171 0.191806
0 0.373932 0.388268 0.072650 0.191806
0 0.464209 0.393855 0.069444 0.199255
0 0.550748 0.382682 0.073718 0.191806
0 0.545406 0.114525 0.073718 0.199255
0 0.458333 0.117318 0.076923 0.193669
0 0.691239 0.209497 0.081197 0.217877
0 0.697650 0.435754 0.087607 0.223464
0 0.814637 0.435754 0.088675 0.219739
0 0.804487 0.202048 0.089744 0.217877