0 0.930556 0.161080 0.064103 0.165736
0 0.942308 0.367784 0.066239 0.191806
0 0.804487 0.157356 0.064103 0.158287
0 0.812500 0.371508 0.069444 0.191806
0 0.697115 0.368715 0.067308 0.189944
0 0.691239 0.148045 0.068376 0.165736
0 0.549145 0.138734 0.068376 0.176909
0 0.555021 0.360335 0.069444 0.202980
0 0.396902 0.425512 0.056624 0.147114
0 0.395833 0.230912 0.058761 0.152700
0 0.396368 0.061453 0.053419 0.122905
0 0.284188 0.234637 0.053419 0.148976
0 0.282051 0.429236 0.055556 0.158287
0 0.285256 0.067970 0.047009 0.124767
0 0.161859 0.068901 0.058761 0.130354
0 0.156517 0.241155 0.058761 0.158287
0 0.153312 0.433892 0.058761 0.156425
0 0.049145 0.064246 0.053419 0.128492
0 0.037393 0.246741 0.057692 0.147114
0 0.035791 0.435754 0.056624 0.148976