0 0.073718 0.391061 0.066239 0.223464
0 0.191239 0.385475 0.059829 0.223464
0 0.298611 0.377095 0.063034 0.217877
0 0.410791 0.372439 0.071581 0.219739
0 0.526175 0.364991 0.069444 0.219739
0 0.638889 0.355680 0.074786 0.219739
0 0.752671 0.331471 0.071581 0.249534
0 0.872329 0.321229 0.080128 0.243948
0 0.891026 0.636872 0.064103 0.178771
0 0.767628 0.647114 0.069444 0.188082
0 0.649038 0.657356 0.063034 0.178771
0 0.534188 0.670391 0.064103 0.182495
0 0.418269 0.680633 0.058761 0.169460
0 0.303419 0.690875 0.055556 0.175047
0 0.190705 0.691806 0.063034 0.176909
0 0.071047 0.701117 0.058761 0.180633