0 0.067308 0.121974 0.057692 0.176909
0 0.203526 0.103352 0.058761 0.173184
0 0.333868 0.102421 0.060897 0.178771
0 0.467415 0.091248 0.063034 0.171322
0 0.604701 0.083799 0.068376 0.163873
0 0.733974 0.075419 0.055556 0.150838
0 0.868590 0.072626 0.072650 0.137803
0 0.063034 0.444134 0.087607 0.210428
0 0.202457 0.430168 0.088675 0.216015
0 0.339209 0.425512 0.088675 0.221601
0 0.473291 0.410615 0.087607 0.221601
0 0.615919 0.402235 0.075855 0.245810
0 0.752671 0.390130 0.071581 0.243948
0 0.889423 0.376164 0.084402 0.245810