0 0.569444 0.383613 0.079060 0.242086
0 0.693910 0.381750 0.080128 0.256983
0 0.856838 0.385475 0.089744 0.271881
0 0.964744 0.385475 0.070513 0.271881
0 0.955128 0.119181 0.085470 0.230912
0 0.843483 0.119181 0.092949 0.230912
0 0.684829 0.093110 0.079060 0.175047
0 0.561966 0.097765 0.076923 0.184358
0 0.405983 0.356611 0.089744 0.188082
0 0.275641 0.355680 0.087607 0.201117
0 0.402244 0.108007 0.092949 0.193669
0 0.277244 0.104283 0.095085 0.193669
0 0.121795 0.409683 0.098291 0.219739
0 0.128739 0.096834 0.099359 0.189944