0 0.756944 0.329609 0.050214 0.130354
0 0.762821 0.625698 0.061966 0.137803
0 0.897970 0.364060 0.075855 0.217877
0 0.968483 0.358473 0.063034 0.221601
0 0.545406 0.420857 0.071581 0.201117
0 0.432692 0.425512 0.061966 0.191806
0 0.326389 0.421788 0.067308 0.199255
0 0.231303 0.416201 0.065171 0.199255
0 0.123397 0.413408 0.069444 0.182495
0 0.546474 0.156425 0.071581 0.219739
0 0.435363 0.152700 0.067308 0.201117
0 0.333333 0.148045 0.068376 0.206704
0 0.236111 0.149907 0.070513 0.206704
0 0.133013 0.149907 0.075855 0.199255
0 0.030983 0.155493 0.061966 0.221601
0 0.024573 0.422719 0.049145 0.197393
0 0.881944 0.094972 0.067308 0.178771
0 0.956731 0.102421 0.069444 0.189944
0 0.909722 0.654562 0.084402 0.236499
0 0.746261 0.068901 0.056624 0.130354