0 0.595620 0.382682 0.065171 0.214153
0 0.720085 0.375233 0.068376 0.221601
0 0.823718 0.375233 0.068376 0.221601
0 0.949786 0.373371 0.076923 0.221601
0 0.479167 0.378957 0.071581 0.229050
0 0.478098 0.108007 0.069444 0.189944
0 0.596154 0.109870 0.064103 0.186220
0 0.714209 0.116387 0.060897 0.191806
0 0.817842 0.109870 0.065171 0.186220
0 0.941774 0.104283 0.080128 0.182495
0 0.309295 0.172253 0.063034 0.281192
0 0.172543 0.156425 0.174145 0.279330
0 0.038462 0.160149 0.074786 0.286778
0 0.954060 0.636872 0.076923 0.201117