0 0.580128 0.352886 0.066239 0.217877
0 0.915598 0.360335 0.064103 0.214153
0 0.461004 0.360335 0.065171 0.210428
0 0.338675 0.359404 0.064103 0.212291
0 0.238248 0.355680 0.066239 0.219739
0 0.112179 0.357542 0.070513 0.219739
0 0.613248 0.619181 0.072650 0.202980
0 0.462607 0.621974 0.072650 0.197393
0 0.579594 0.092179 0.063034 0.176909
0 0.461538 0.096834 0.064103 0.167598
0 0.341880 0.094972 0.066239 0.171322
0 0.246261 0.094041 0.071581 0.173184
0 0.122329 0.090317 0.077991 0.180633
0 0.762286 0.090317 0.069444 0.173184
0 0.763355 0.366853 0.063034 0.193669
0 0.912927 0.088454 0.069444 0.162011