0 0.772970 0.421788 0.043803 0.139665
0 0.766560 0.247672 0.045940 0.137803
0 0.691239 0.419926 0.044872 0.135940
0 0.573718 0.424581 0.072650 0.145251
0 0.451923 0.425512 0.064103 0.139665
0 0.308226 0.426443 0.050214 0.152700
0 0.306090 0.242086 0.048077 0.115456
0 0.311966 0.081006 0.051282 0.124767
0 0.186966 0.229981 0.059829 0.121043
0 0.194444 0.428305 0.053419 0.148976
0 0.073184 0.434823 0.054487 0.143389
0 0.081197 0.254190 0.042735 0.150838
0 0.941239 0.244879 0.096154 0.121043
0 0.949786 0.406890 0.081197 0.109870
0 0.959936 0.576350 0.080128 0.132216
0 0.853098 0.407821 0.086538 0.108007
0 0.846688 0.252328 0.082265 0.117318
0 0.871795 0.581006 0.085470 0.137803