0 0.943376 0.407821 0.057692 0.171322
0 0.826389 0.404097 0.060897 0.163873
0 0.939637 0.181564 0.058761 0.173184
0 0.828526 0.175978 0.054487 0.169460
0 0.701389 0.170391 0.045940 0.162011
0 0.616987 0.162942 0.048077 0.173184
0 0.483440 0.384544 0.056624 0.173184
0 0.484509 0.154562 0.063034 0.178771
0 0.364850 0.148976 0.058761 0.178771
0 0.359509 0.378026 0.067308 0.182495
0 0.243590 0.360335 0.061966 0.188082
0 0.250534 0.135009 0.063034 0.184358
0 0.127671 0.127561 0.063034 0.180633
0 0.118056 0.358473 0.069444 0.180633
0 0.017628 0.128492 0.033120 0.171322