0 0.889423 0.404097 0.082265 0.204842
0 0.871795 0.129423 0.066239 0.240223
0 0.732906 0.121043 0.072650 0.212291
0 0.751603 0.406890 0.069444 0.229050
0 0.667201 0.403166 0.071581 0.221601
0 0.580128 0.399441 0.066239 0.210428
0 0.656517 0.109870 0.058761 0.204842
0 0.574252 0.113594 0.069444 0.208566
0 0.445513 0.123836 0.070513 0.232775
0 0.447650 0.404097 0.070513 0.230912
0 0.282585 0.423650 0.077991 0.247672
0 0.294872 0.077281 0.068376 0.154562
0 0.134615 0.121043 0.166667 0.227188
0 0.122329 0.416201 0.167735 0.251397