0 0.785791 0.399441 0.067308 0.169460
0 0.902778 0.394786 0.070513 0.175047
0 0.977564 0.158287 0.044872 0.167598
0 0.892094 0.158287 0.059829 0.167598
0 0.781517 0.181564 0.067308 0.176909
0 0.678953 0.401304 0.058761 0.165736
0 0.677885 0.185289 0.058761 0.180633
0 0.565705 0.191806 0.060897 0.160149
0 0.569979 0.410615 0.063034 0.188082
0 0.471154 0.412477 0.064103 0.176909
0 0.471688 0.195531 0.060897 0.167598
0 0.379808 0.203911 0.058761 0.158287
0 0.379274 0.418063 0.051282 0.169460
0 0.254808 0.423650 0.054487 0.169460
0 0.254808 0.205773 0.058761 0.173184
0 0.133013 0.188082 0.043803 0.193669
0 0.074252 0.183426 0.067308 0.188082
0 0.090812 0.418994 0.068376 0.163873