0 0.858440 0.539106 0.114316 0.329609
0 0.841346 0.124767 0.122863 0.238361
0 0.040064 0.080074 0.045940 0.119181
0 0.033654 0.231844 0.043803 0.139665
0 0.030983 0.391993 0.042735 0.139665
0 0.026709 0.657356 0.040598 0.108007
0 0.106838 0.083799 0.044872 0.115456
0 0.171474 0.085661 0.048077 0.126629
0 0.235043 0.086592 0.042735 0.121043
0 0.235577 0.237430 0.039530 0.135940
0 0.228098 0.406890 0.048077 0.154562
0 0.229167 0.540037 0.043803 0.089385
0 0.225962 0.665736 0.045940 0.106145
0 0.157585 0.663873 0.045940 0.094972
0 0.158654 0.536313 0.045940 0.100559
0 0.163462 0.398510 0.053419 0.156425
0 0.167735 0.237430 0.047009 0.135940
0 0.102564 0.238361 0.047009 0.137803
0 0.097222 0.401304 0.044872 0.154562
0 0.333868 0.355680 0.052350 0.160149
0 0.331731 0.522346 0.048077 0.147114
0 0.404380 0.520484 0.045940 0.124767
0 0.409722 0.363128 0.045940 0.152700
0 0.506410 0.366853 0.053419 0.160149
0 0.508013 0.519553 0.050214 0.137803
0 0.509615 0.217877 0.040598 0.096834
0 0.407051 0.220670 0.040598 0.080074
0 0.336538 0.201117 0.044872 0.111732
0 0.406517 0.123836 0.041667 0.083799