0 0.932158 0.463687 0.071581 0.152700
0 0.920406 0.244879 0.069444 0.143389
0 0.829060 0.465549 0.055556 0.167598
0 0.759081 0.464618 0.054487 0.162011
0 0.754274 0.253259 0.047009 0.137803
0 0.820513 0.252328 0.051282 0.143389
0 0.672543 0.473929 0.043803 0.124767
0 0.596688 0.473929 0.048077 0.132216
0 0.511218 0.473929 0.054487 0.124767
0 0.420406 0.468343 0.045940 0.121043
0 0.341346 0.469274 0.050214 0.122905
0 0.907585 0.062384 0.069444 0.113594
0 0.809829 0.067039 0.044872 0.111732
0 0.743056 0.072626 0.043803 0.111732
0 0.667201 0.138734 0.052350 0.132216
0 0.596154 0.135940 0.049145 0.130354
0 0.512821 0.123836 0.051282 0.124767
0 0.670406 0.310056 0.048077 0.139665
0 0.598291 0.302607 0.055556 0.135940
0 0.510684 0.299814 0.053419 0.137803
0 0.422543 0.296089 0.052350 0.145251
0 0.423611 0.122905 0.050214 0.126629
0 0.346688 0.121974 0.052350 0.132216
0 0.342949 0.290503 0.051282 0.137803
0 0.288462 0.142458 0.023504 0.117318
0 0.282051 0.308194 0.027778 0.117318
0 0.223825 0.310056 0.054487 0.132216
0 0.219017 0.493482 0.053419 0.134078
0 0.230235 0.143389 0.060897 0.130354
0 0.274038 0.487896 0.033120 0.130354
0 0.158120 0.491620 0.032051 0.137803
0 0.166667 0.310056 0.034188 0.128492
0 0.175748 0.138734 0.028846 0.113594
0 0.099359 0.090317 0.059829 0.132216
0 0.089744 0.268156 0.049145 0.152700
0 0.082799 0.443203 0.050214 0.137803