0 0.613782 0.403166 0.065171 0.124767
0 0.323718 0.618250 0.064103 0.175047
0 0.324252 0.422719 0.060897 0.122905
0 0.466346 0.416201 0.058761 0.128492
0 0.760150 0.395717 0.065171 0.128492
0 0.927885 0.384544 0.073718 0.139665
0 0.939103 0.594972 0.087607 0.162011
0 0.618056 0.608939 0.069444 0.167598
0 0.762286 0.593110 0.056624 0.169460
0 0.060897 0.611732 0.066239 0.135940
0 0.061966 0.440410 0.064103 0.135940
0 0.324252 0.175047 0.067308 0.182495
0 0.460470 0.165736 0.066239 0.175047
0 0.609509 0.150838 0.067308 0.182495
0 0.752137 0.135940 0.068376 0.186220
0 0.912393 0.124767 0.081197 0.189944
0 0.200321 0.191806 0.056624 0.167598