0 0.925748 0.379888 0.058761 0.122905
0 0.699786 0.378026 0.051282 0.115456
0 0.589744 0.183426 0.047009 0.154562
0 0.586004 0.388268 0.052350 0.132216
0 0.491453 0.386406 0.053419 0.132216
0 0.701923 0.179702 0.051282 0.150838
0 0.494658 0.187151 0.053419 0.162011
0 0.314103 0.190875 0.047009 0.143389
0 0.308761 0.386406 0.047009 0.121043
0 0.918269 0.175047 0.052350 0.148976
0 0.808761 0.178771 0.055556 0.148976
0 0.806090 0.381750 0.052350 0.122905
0 0.409188 0.191806 0.044872 0.145251
0 0.407585 0.389199 0.041667 0.130354
0 0.224893 0.367784 0.063034 0.106145
0 0.219017 0.532588 0.059829 0.134078
0 0.128739 0.534451 0.077991 0.152700
0 0.033120 0.528864 0.066239 0.145251
0 0.134081 0.367784 0.077991 0.109870
0 0.038996 0.371508 0.071581 0.117318
0 0.238248 0.146182 0.051282 0.150838
0 0.142094 0.148976 0.049145 0.141527
0 0.048077 0.150838 0.051282 0.137803