0 0.626068 0.157356 0.066239 0.202980
0 0.627671 0.396648 0.069444 0.178771
0 0.740919 0.391993 0.063034 0.165736
0 0.862714 0.396648 0.075855 0.167598
0 0.860043 0.158287 0.076923 0.212291
0 0.735577 0.153631 0.069444 0.202980
0 0.450855 0.094972 0.070513 0.178771
0 0.450855 0.341713 0.064103 0.191806
0 0.323184 0.348231 0.067308 0.175047
0 0.326923 0.091248 0.061966 0.167598
0 0.216346 0.096834 0.060897 0.182495
0 0.212607 0.353818 0.061966 0.178771
0 0.085470 0.347300 0.066239 0.184358
0 0.092415 0.099628 0.063034 0.191806