0 0.644231 0.333333 0.108974 0.219739
0 0.785791 0.325885 0.116453 0.201117
0 0.940171 0.335196 0.104701 0.216015
0 0.491987 0.324022 0.129274 0.238361
0 0.355235 0.342644 0.084402 0.219739
0 0.185363 0.373371 0.077991 0.214153
0 0.033120 0.390130 0.066239 0.195531
0 0.191774 0.105214 0.071581 0.202980
0 0.354167 0.085661 0.077991 0.163873
0 0.487714 0.068901 0.114316 0.126629
0 0.637821 0.072626 0.113248 0.122905
0 0.775641 0.072626 0.111111 0.134078
0 0.928419 0.072626 0.119658 0.134078
0 0.026709 0.088454 0.051282 0.158287