0 0.529915 0.402235 0.057692 0.152700
0 0.666667 0.403166 0.057692 0.162011
0 0.783120 0.412477 0.055556 0.150838
0 0.910256 0.408752 0.064103 0.150838
0 0.900641 0.194600 0.070513 0.165736
0 0.776175 0.189013 0.067308 0.180633
0 0.662393 0.188082 0.066239 0.182495
0 0.525641 0.173184 0.068376 0.156425
0 0.381410 0.150838 0.055556 0.145251
0 0.382479 0.378026 0.057692 0.145251
0 0.297543 0.375233 0.060897 0.162011
0 0.209936 0.381750 0.058761 0.152700
0 0.120192 0.380819 0.056624 0.154562
0 0.031517 0.379888 0.054487 0.152700
0 0.039530 0.149907 0.057692 0.139665
0 0.126068 0.150838 0.061966 0.152700
0 0.214744 0.153631 0.061966 0.150838