0 0.971154 0.420857 0.057692 0.216015
0 0.900107 0.414339 0.060897 0.199255
0 0.965812 0.184358 0.059829 0.193669
0 0.897436 0.186220 0.068376 0.189944
0 0.753205 0.364991 0.049145 0.208566
0 0.701389 0.361266 0.043803 0.212291
0 0.581197 0.349162 0.053419 0.214153
0 0.523504 0.344507 0.055556 0.204842
0 0.384615 0.342644 0.070513 0.219739
0 0.255342 0.342644 0.068376 0.201117
0 0.131410 0.348231 0.072650 0.219739
0 0.019765 0.347300 0.037393 0.202980
0 0.025107 0.081006 0.045940 0.154562
0 0.144765 0.085661 0.063034 0.167598
0 0.270299 0.085661 0.061966 0.167598
0 0.394231 0.091248 0.059829 0.175047
0 0.528846 0.087523 0.055556 0.175047
0 0.587073 0.093110 0.056624 0.171322
0 0.701389 0.092179 0.048077 0.184358
0 0.749466 0.096834 0.058761 0.186220