0 0.644231 0.182495 0.068376 0.189944
0 0.755876 0.180633 0.056624 0.175047
0 0.861111 0.173184 0.070513 0.175047
0 0.967949 0.176909 0.064103 0.178771
0 0.974893 0.413408 0.050214 0.160149
0 0.869658 0.414339 0.068376 0.154562
0 0.759615 0.407821 0.070513 0.148976
0 0.526709 0.181564 0.066239 0.176909
0 0.413996 0.182495 0.069444 0.186220
0 0.300214 0.182495 0.068376 0.171322
0 0.294338 0.413408 0.071581 0.171322
0 0.173077 0.415270 0.145299 0.167598
0 0.049145 0.415270 0.079060 0.167598
0 0.182158 0.186220 0.065171 0.182495
0 0.063034 0.197393 0.076923 0.204842
0 0.469551 0.418063 0.225427 0.202980
0 0.645299 0.405028 0.068376 0.169460